1
polySurfaceShape99
8664
12528
224.808 37.681 92.494 1 -1.19357e-005 3.76875e-006 3.76877e-006 2.18289e-006 -1 1.19356e-005 1 2.18293e-006 0.00732619 0.286236
224.808 28.6863 82.1504 1 -1.36377e-005 4.30617e-006 4.30621e-006 2.48179e-006 -1 1.36377e-005 1 2.48185e-006 0.0756508 0.219819
224.808 28.6863 64.0075 1 -2.04951e-005 6.79303e-006 6.79309e-006 2.78061e-006 -1 2.04951e-005 1 2.78075e-006 0.195494 0.219819
224.809 71.1765 -5.48459 1 -1.48224e-005 9.55297e-007 9.55335e-007 2.48184e-006 -1 1.48224e-005 1 2.48185e-006 0.654524 0.533564
224.809 72.3414 -3.86061 0 0.946748 0.321977 1 1.59783e-008 -4.69829e-008 4.96255e-008 -0.321977 0.946748 0.924922 0.0359198
192.97 72.3414 -3.86061 0 0.946748 0.321977 1 0.00018104 -0.000532336 0.000562278 -0.321977 0.946747 0.703691 0.0359198
192.97 38.4062 95.9233 0 0.946748 0.321977 0.999999 0.000362065 -0.00106462 0.00112451 -0.321976 0.946747 0.705009 0.807766
224.809 38.4062 95.9233 0 0.946748 0.321977 1 0.00018104 -0.000532336 0.000562278 -0.321977 0.946747 0.925905 0.808028
224.808 31.7901 -103.463 1 -1.38559e-005 -4.49565e-006 -4.50017e-006 -0.000326123 -1 -1.38544e-005 -1 0.000326123 0.65563 0.582136
224.809 71.1765 -5.48459 1 -1.48224e-005 9.55297e-007 9.45723e-007 -0.000645842 -1 -1.48231e-005 -1 0.000645842 0.00843016 0.291314
224.808 0.000205107 -5.48459 1 -1.42694e-005 6.22377e-007 6.17723e-007 -0.000326123 -1 -1.42696e-005 -1 0.000326123 0.00843441 0.817714
224.808 0.000205107 -103.463 1 -1.38559e-005 -4.49565e-006 -4.49574e-006 -6.40429e-006 -1 -1.38559e-005 -1 6.40435e-006 0.655632 0.817709
224.809 71.1765 -5.48459 1 -1.48224e-005 9.55297e-007 9.71328e-007 0.00108147 -0.999999 1.48214e-005 0.999999 0.00108147 0.654524 0.533564
224.808 25.9908 60.9943 1 -1.20345e-005 9.67428e-006 9.68079e-006 0.000540736 -1 1.20293e-005 1 0.000540736 0.215398 0.199915
224.808 0.000205107 60.9943 1 -1.46829e-005 5.74041e-006 5.74041e-006 -8.42857e-011 -1 1.46829e-005 1 0 0.215398 0.00716406
224.808 0.000205107 -5.48459 1 -1.42694e-005 6.22377e-007 6.30094e-007 0.000540736 -1 1.4269e-005 1 0.000540736 0.654525 0.00716406
224.808 37.681 92.494 3.00723e-007 7.64033e-007 1 -0.99999 -0.00447502 3.04139e-007 -0.00447502 0.99999 -7.6268e-007 0.0039396 0.286425
216.969 25.9908 92.494 6.49216e-007 2.31652e-007 1 -0.999997 -0.00223751 6.49732e-007 -0.00223751 0.999997 -2.30199e-007 0.0557437 0.200066
216.969 0.000205107 92.494 5.80398e-007 1.75055e-007 1 -1 1.01602e-013 5.80398e-007 0 1 -1.75055e-007 0.0557437 0.00723003
224.808 0.000205107 92.494 5.80398e-007 1.75055e-007 1 -0.999997 -0.00223751 5.80788e-007 -0.00223751 0.999997 -1.73756e-007 0.0039396 0.00723003
165.195 25.9908 92.494 -2.54426e-006 1.09329e-007 1 0.999989 -0.00477435 2.54475e-006 0.00477435 0.999989 -9.71807e-008 0.0555927 0.199843
161.306 37.4334 92.494 -3.39905e-007 4.65353e-007 1 0.999954 -0.00954859 3.44333e-007 0.00954859 0.999954 -4.62087e-007 0.0298913 0.284345
161.306 0.000205107 92.494 -1.43296e-006 -2.22045e-016 1 0.999989 -0.00477435 1.43295e-006 0.00477435 0.999989 6.84146e-009 0.0298913 0.00700737
165.195 0.000205107 92.494 -2.86592e-006 -2.22045e-016 1 1 -2.00776e-022 2.86592e-006 -4.35587e-022 1 2.22045e-016 0.0555927 0.00700737
224.808 25.9908 85.1636 1 0 0 0 -0.00239325 -0.999997 0 0.999997 -0.00239325 0.0557473 0.199916
224.808 37.681 92.494 1 -1.19357e-005 3.76875e-006 3.71157e-006 -0.00478683 -0.999989 1.19536e-005 0.999989 -0.00478683 0.00732619 0.286236
224.808 0.000205107 92.494 1 0 0 0 -0.00239325 -0.999997 0 0.999997 -0.00239325 0.0073261 0.0071653
224.808 0.000205107 85.1636 1 0 0 0 3.37478e-007 -1 0 1 3.37478e-007 0.0557473 0.00716528
213.956 28.6863 92.494 -0.17519 -0.984535 -2.18611e-016 4.15836e-006 -7.39946e-007 1 -0.984535 0.17519 4.22368e-006 0.697091 0.00611271
192.97 28.6863 92.494 5.03342e-008 -1 -4.13819e-007 3.90904e-006 -4.13819e-007 1 -1 -5.03358e-008 3.90904e-006 0.69709 0.275361
192.97 28.6863 89.4822 5.03342e-008 -1 -4.13819e-007 3.52804e-006 -4.13819e-007 1 -1 -5.03357e-008 3.52804e-006 0.658448 0.275361
213.956 28.6863 89.4822 -0.17519 -0.984535 -2.18611e-016 3.78906e-006 -6.74232e-007 1 -0.984535 0.17519 3.84858e-006 0.658449 0.00611255
165.195 25.9908 92.494 0.97616 -0.217052 1.44696e-006 6.84392e-008 -6.3586e-006 -1 0.217052 0.97616 -6.19215e-006 0.658445 0.380495
165.195 0.000205107 92.494 1 -4.1086e-022 1.85035e-006 1.85035e-006 -8.66917e-006 -1 1.6041e-011 1 -8.66917e-006 0.658449 0.00611255
165.195 0.000205107 89.4822 1 -4.1086e-022 1.85035e-006 1.85035e-006 -1.0995e-005 -1 2.03445e-011 1 -1.0995e-005 0.697091 0.00611303
165.195 25.9908 89.4822 0.97616 -0.217053 1.44696e-006 -4.2435e-007 -8.57481e-006 -1 0.217053 0.97616 -8.46249e-006 0.697087 0.380496
216.969 0.000205107 92.494 -1 0 0 0 -3.23769e-006 1 0 1 3.23769e-006 0.697181 0.00583838
216.969 25.9908 92.494 -0.97616 -0.217053 -4.81954e-017 7.91961e-007 -3.56172e-006 1 -0.217053 0.97616 3.6487e-006 0.697179 0.379417
216.969 25.9908 89.4822 -0.97616 -0.217053 -4.81954e-017 8.97925e-007 -4.03827e-006 1 -0.217053 0.97616 4.1369e-006 0.65862 0.379417
216.969 0.000205107 89.4822 -1 0 0 0 -3.73781e-006 1 0 1 3.73781e-006 0.658621 0.00583824
224.808 28.6863 64.0075 0 -0.984535 0.17519 1 0 0 0 0.17519 0.984535 0.697089 0.00611269
224.808 28.6863 82.1504 0 -0.984534 -0.175191 1 0 0 0 -0.175191 0.984534 0.697089 0.213308
221.361 28.6863 82.1504 0 -0.984534 -0.175191 1 0 0 0 -0.175191 0.984534 0.657731 0.213308
221.361 28.6863 64.0075 0 -0.984531 0.175209 1 0 0 0 0.175209 0.984531 0.657731 0.00611269
224.808 25.9908 85.1636 0 -0.217053 -0.97616 -1 -7.71201e-006 1.71479e-006 -7.90036e-006 0.97616 -0.217053 0.657697 0.339356
224.808 0.000205107 85.1636 0 2.22045e-016 -1 -1 -8.19857e-006 -1.82045e-021 -8.19857e-006 1 2.22045e-016 0.657701 0.00611252
221.361 0.000205107 85.1636 0 2.22045e-016 -1 -1 -8.30384e-006 -1.84382e-021 -8.30384e-006 1 2.22045e-016 0.697059 0.00611287
221.361 25.9908 85.1636 0 -0.217053 -0.97616 -1 -7.81232e-006 1.7371e-006 -8.00311e-006 0.97616 -0.217053 0.697055 0.339357
224.808 0.000205107 60.9943 -1.61583e-006 -2.14426e-007 1 1 -5.47567e-006 1.61583e-006 5.47567e-006 1 2.14435e-007 0.697089 0.00611276
224.808 25.9908 60.9943 -8.19858e-007 -0.217053 0.97616 1 -4.01658e-006 -5.32203e-008 3.93237e-006 0.97616 0.217053 0.697088 0.339356
221.359 25.9908 60.9943 -8.20073e-007 -0.216997 0.976172 1 -3.34062e-006 9.74925e-008 3.23986e-006 0.976172 0.216997 0.657699 0.339356
221.359 0.000205107 60.9943 -1.61583e-006 -2.14426e-007 1 1 -4.39731e-006 1.61583e-006 4.39731e-006 1 2.14433e-007 0.657701 0.00611252
221.359 0.000205107 58.647 9.76747e-008 1.69887e-007 1 1 -7.26373e-006 -9.76735e-008 7.26373e-006 1 -1.69888e-007 0.545036 0.00514678
221.361 49.1955 58.647 9.76747e-008 1.69887e-007 1 1 -0.000119835 -9.76543e-008 0.000119835 1 -1.69899e-007 0.545042 0.406101
192.815 49.2151 58.647 1.37342e-007 2.54804e-007 1 1 -0.000232406 -1.37283e-007 0.000232406 1 -2.54836e-007 0.314723 0.406206
192.814 0.000205107 58.647 1.37325e-007 2.54768e-007 1 1 -0.000119835 -1.37294e-007 0.000119835 1 -2.54784e-007 0.314798 0.00514509
221.361 49.1955 58.647 -1 2.0194e-005 3.71473e-005 -3.7147e-005 1.62429e-005 -1 2.01946e-005 1 1.62422e-005 0.231338 0.372229
221.361 28.6863 64.0075 -1 4.25724e-005 0.000165524 -0.000165523 1.63893e-005 -1 4.25751e-005 1 1.63823e-005 0.195798 0.220238
221.361 28.6863 82.1504 -1 -2.83531e-006 -1.59336e-006 1.59332e-006 1.65223e-005 -1 -2.83534e-006 1 1.65223e-005 0.0755171 0.22024
221.361 38.1843 89.4843 -1 -1.67554e-006 -4.54643e-006 4.5464e-006 1.63822e-005 -1 -1.67561e-006 1 1.63822e-005 0.0268978 0.29063
216.969 0.000205107 89.4822 0.000195254 3.29995e-005 -1 -1 6.44328e-009 -0.000195254 0 1 3.29995e-005 0.0552923 0.00687203
216.969 25.9908 89.4822 0.000198384 4.58917e-005 -1 -0.999992 -0.00410993 -0.000198571 -0.00410994 0.999992 4.50759e-005 0.0552923 0.199896
221.361 38.1843 89.4843 7.49627e-005 0.000130821 -1 -0.999966 -0.00821984 -7.60356e-005 -0.00821985 0.999966 0.000130201 0.0262351 0.29006
221.361 0.000205107 89.4822 0.000195254 3.29995e-005 -1 -0.999992 -0.00410994 -0.000195388 -0.00410994 0.999992 3.21968e-005 0.0262356 0.00687203
221.361 38.1843 89.4843 -1 -1.67554e-006 -4.54643e-006 4.56025e-006 -0.00834271 -0.999965 -1.63755e-006 0.999965 -0.00834271 0.0268978 0.29063
221.361 25.9908 85.1636 -1 4.51528e-008 -1.63807e-005 1.63803e-005 -0.00416335 -0.999991 1.13351e-007 0.999991 -0.00416335 0.0555407 0.200264
221.361 0.000205107 85.1636 -1 6.95358e-007 -1.90437e-005 1.90437e-005 1.60802e-005 -1 6.95052e-007 1 1.60802e-005 0.0555371 0.00681053
221.361 0.000205107 89.4822 -1 6.95358e-007 -1.90437e-005 1.90406e-005 -0.00416335 -0.999991 7.74637e-007 0.999991 -0.00416335 0.0269068 0.00681105
224.808 31.7901 -103.463 0.0286597 -0.948667 0.314976 0.999588 0.0266724 -0.0106191 -0.00167279 -0.315151 -0.94904 0.923958 0.820212
192.97 31.7901 -103.463 1.55922e-007 -0.965862 0.259058 0.999999 -0.000435705 -0.00162507 -0.00168246 -0.259058 -0.96586 0.700849 0.82059
192.97 30.8636 -106.918 1.55922e-007 -0.965862 0.259058 0.999999 -0.000433946 -0.00161851 -0.00167567 -0.259058 -0.96586 0.701103 0.845848
228.456 30.8636 -106.918 0.0291418 -0.948342 0.315907 0.999574 0.0271214 -0.0107912 -0.00166592 -0.316087 -0.948729 0.949556 0.84543
221.361 38.1843 89.4843 7.49627e-005 0.000130821 -1 -1 1.02587e-009 -7.49627e-005 -8.78084e-009 1 0.000130821 0.0262351 0.29006
213.956 28.6863 89.4822 3.7753e-005 0.000164389 -1 -1 1.19205e-009 -3.7753e-005 -5.01414e-009 1 0.000164389 0.0752232 0.219827
192.97 28.6863 89.4822 2.00878e-005 0.000111243 -1 -1 2.23464e-009 -2.00878e-005 -2.22045e-016 1 0.000111243 0.214042 0.219827
192.815 38.186 89.4832 2.00636e-005 0.000110349 -1 -1 -1.79603e-009 -2.00636e-005 -4.01003e-009 1 0.000110349 0.215063 0.290072
228.456 30.8636 -106.918 0 2.22045e-016 -1 0.999999 0.0015012 3.33333e-019 0.0015012 -0.999999 -2.22044e-016 0.950592 0.818709
192.97 30.8636 -106.918 -1.76004e-007 2.22045e-016 -1 1 0.000596513 -1.76004e-007 0.000596513 -1 -1.04989e-010 0.700477 0.818262
192.97 32.183 -106.918 -1.76004e-007 2.22045e-016 -1 1 -0.000308173 -1.76004e-007 -0.000308173 -1 5.42393e-011 0.70053 0.807671
224.809 32.183 -106.918 0 2.22045e-016 -1 1 0.000596513 1.32453e-019 0.000596513 -1 -2.22045e-016 0.924953 0.807592
224.809 73.046 -3.86061 4.63705e-009 0.955581 0.294727 0.999989 -0.00135203 0.00438361 0.00458737 0.294724 -0.955571 0.928271 0.0079107
224.809 73.5159 -5.46531 8.3537e-010 1 -4.49158e-005 0.999991 1.94453e-007 0.00434842 0.00434842 -4.49154e-005 -0.999991 0.928144 0.0198103
192.97 73.5159 -5.46531 6.25479e-010 1 -4.48935e-005 0.999991 1.92093e-007 0.004294 0.004294 -4.48931e-005 -0.999991 0.70362 0.0187944
192.97 73.046 -3.86061 1.15147e-008 0.959692 0.281053 0.99999 -0.0012735 0.00434848 0.00453112 0.28105 -0.959682 0.703755 0.00687113
224.809 73.5159 -5.46531 8.3537e-010 1 -4.49158e-005 0.999991 1.92084e-007 0.00429528 0.00429528 -4.49154e-005 -0.999991 0.928144 0.0198103
224.809 73.0458 -7.07002 -3.57499e-009 0.950086 -0.311988 0.99999 0.0013605 0.00414308 0.00436074 -0.311985 -0.950077 0.92813 0.0317304
192.97 73.0458 -7.07002 -1.03143e-008 0.959666 -0.281141 0.999991 0.00119494 0.00407885 0.00425028 -0.281139 -0.959658 0.703036 0.0307618
192.97 73.5159 -5.46531 6.25479e-010 1 -4.48935e-005 0.999991 1.87342e-007 0.0041871 0.0041871 -4.48931e-005 -0.999991 0.70362 0.0187944
228.456 37.0869 95.9233 1 -0.000109684 -0.000174908 0.000201185 0.707084 0.70713 -4.61141e-005 0.70713 -0.707084 0.966331 0.809965
228.455 37.681 92.494 0.999998 -0.00162244 -0.00069715 0.00164056 0.707432 0.70678 0.000653523 0.70678 -0.707433 0.966496 0.784877
228.456 71.1765 -5.48459 1 -3.62984e-006 -1.22022e-006 3.49826e-006 0.707108 0.707106 1.70385e-006 0.707106 -0.707108 0.97148 0.0275079
224.809 71.1765 -5.48459 0.0577003 -0.927035 0.370509 -0.998309 -0.0509584 0.0279683 -0.00704697 -0.371497 -0.928407 0.996991 0.0276922
224.808 31.7901 -103.463 0.0286597 -0.948667 0.314976 -0.999485 -0.0226563 0.0227055 -0.0144038 -0.315465 -0.948828 0.992406 0.7849
228.456 30.8636 -106.918 0.0291418 -0.948342 0.315907 -0.999341 -0.0207929 0.0297676 -0.0216613 -0.316567 -0.948323 0.966331 0.809965
228.456 71.1765 -5.48459 0.0577003 -0.927035 0.370509 -0.998273 -0.0494791 0.031664 -0.0110212 -0.371697 -0.928289 0.97148 0.0275079
228.456 30.8636 -106.918 0 2.22045e-016 -1 0.999062 0.0433059 9.61584e-018 0.0433059 -0.999062 -2.21836e-016 0.950592 0.818709
224.809 32.183 -106.918 0 2.22045e-016 -1 0.999062 0.0433059 9.61584e-018 0.0433059 -0.999062 -2.21836e-016 0.924953 0.807592
228.456 32.8875 -106.918 0 2.22045e-016 -1 0.999062 0.0433059 9.61584e-018 0.0433059 -0.999062 -2.21836e-016 0.951833 0.80348
224.809 32.8875 -106.918 0 0.927773 -0.373146 0.999999 -0.000527219 -0.00131085 -0.0014129 -0.373146 -0.927772 0.927094 0.803517
224.809 73.0458 -7.07002 -3.57499e-009 0.950086 -0.311988 0.999997 0.000758977 0.00231127 0.0024327 -0.311987 -0.950083 0.92813 0.0317304
228.456 73.0458 -7.07002 0 0.944898 -0.327364 0.99998 0.0020562 0.00593499 0.00628109 -0.327357 -0.94488 0.953649 0.0318948
228.456 32.8875 -106.918 0 0.927773 -0.373146 0.999997 0.000909687 0.0022618 0.00243788 -0.373145 -0.92777 0.951833 0.80348
224.809 73.0458 -7.07002 -3.57499e-009 0.950086 -0.311988 0.99998 0.00197191 0.00600496 0.00632044 -0.311982 -0.950067 0.92813 0.0317304
224.809 73.5159 -5.46531 8.3537e-010 1 -4.49158e-005 0.999965 3.75657e-007 0.00838371 0.00838371 -4.49143e-005 -0.999965 0.928144 0.0198103
228.456 73.5159 -5.46531 0 1 -4.49158e-005 0.999943 4.80463e-007 0.0106986 0.0106986 -4.49133e-005 -0.999943 0.954072 0.0200972
228.456 73.0458 -7.07002 0 0.944898 -0.327364 0.999962 0.00285646 0.00824485 0.00872565 -0.327351 -0.944862 0.953649 0.0318948
224.809 73.5159 -5.46531 8.3537e-010 1 -4.49158e-005 0.999944 4.75668e-007 0.0106066 0.0106066 -4.49133e-005 -0.999944 0.928144 0.0198103
224.809 73.046 -3.86061 4.63705e-009 0.955581 0.294727 0.999948 -0.00301527 0.00977625 0.0102307 0.294712 -0.955531 0.928271 0.0079107
228.456 73.046 -3.86061 0 0.953449 0.301554 0.999956 -0.00283736 0.00897113 0.00940913 0.30154 -0.953407 0.954049 0.00815585
228.456 73.5159 -5.46531 0 1 -4.49158e-005 0.999952 4.41089e-007 0.00981921 0.00981921 -4.49137e-005 -0.999952 0.954072 0.0200972
224.809 73.046 -3.86061 4.63705e-009 0.955581 0.294727 -0.999981 0.00181411 -0.00588178 -0.00615519 -0.294722 0.955563 0.953649 0.0318948
224.809 39.1108 95.9233 0 0.946748 0.321977 -0.999997 0.000768719 -0.00226036 -0.0023875 -0.321976 0.946745 0.951833 0.80348
228.456 39.1108 95.9233 0 0.946748 0.321977 -0.999999 -0.000445214 0.00130912 0.00138275 -0.321976 0.946747 0.927094 0.803517
228.456 73.046 -3.86061 0 0.953449 0.301554 -0.999997 0.000719793 -0.00227583 -0.00238695 -0.301553 0.953447 0.92813 0.0317304
224.808 37.681 92.494 0 -0.946234 -0.323484 0.999978 -0.00216315 0.00632749 0.00668703 0.323477 -0.946212 0.97148 0.0275079
224.809 71.1765 -5.48459 0 -0.946234 -0.323484 0.930935 0.118132 -0.345551 -0.365186 0.301143 -0.880882 0.966331 0.809965
228.456 71.1765 -5.48459 0 -0.946234 -0.323484 0.728715 0.221527 -0.647997 -0.684817 0.235728 -0.689535 0.992406 0.7849
228.455 37.681 92.494 0 -0.946234 -0.323484 0.930935 0.118132 -0.345551 -0.365186 0.301143 -0.880882 0.996991 0.0276922
224.809 72.3414 -3.86061 -1 0 0 0 -0.707078 -0.707135 0 0.707135 -0.707078 0.927094 0.803517
224.809 38.4062 95.9233 -1 0 0 0 -0.708024 -0.706188 0 0.706188 -0.708024 0.92813 0.0317304
224.809 39.1108 95.9233 -1 0 0 0 -0.707078 -0.707135 0 0.707135 -0.707078 0.925905 0.0357891
224.809 73.046 -3.86061 -1 0 0 0 -0.706131 -0.708081 0 0.708081 -0.706131 0.924953 0.807592
224.809 38.4062 95.9233 0 -2.22045e-016 1 0.999883 0.0152823 3.39336e-018 0.0152823 -0.999883 -2.22019e-016 0.924909 0.807898
228.456 37.0869 95.9233 0 -2.22045e-016 1 0.999482 0.0321899 7.1476e-018 0.0321899 -0.999482 -2.2193e-016 0.950592 0.818709
228.456 39.1108 95.9233 0 -2.22045e-016 1 0.999883 0.0152823 3.39336e-018 0.0152823 -0.999883 -2.22019e-016 0.951833 0.80348
224.809 39.1108 95.9233 0 -2.22045e-016 1 0.999999 -0.00162965 -3.61855e-019 -0.00162965 -0.999999 -2.22044e-016 0.927094 0.803517
228.456 37.0869 95.9233 1 -0.000109684 -0.000174908 -0.00017605 -0.895569 -0.444922 0.000107842 -0.444923 0.895569 0.966331 0.809965
228.456 71.1765 -5.48459 1 -3.62984e-006 -1.22022e-006 -3.78698e-006 -0.890042 -0.455878 -5.68715e-007 -0.455878 0.890042 0.97148 0.0275079
228.456 73.046 -3.86061 1 0 0 0 -0.895569 -0.444923 0 -0.444923 0.895569 0.953649 0.0318948
228.456 39.1108 95.9233 1 0 0 0 -0.900961 -0.4339 0 -0.4339 0.900961 0.951834 0.803489
228.456 71.1765 -5.48459 1 -3.62984e-006 -1.22022e-006 -3.79124e-006 -0.893522 -0.44902 -5.39576e-007 -0.44902 0.893522 0.97148 0.0275079
228.456 73.5159 -5.46531 1 0 0 0 -0.893522 -0.44902 0 -0.44902 0.893522 0.954072 0.0200972
228.456 73.046 -3.86061 1 0 0 0 -0.893522 -0.44902 0 -0.44902 0.893522 0.953649 0.0318948
228.456 71.1765 -5.48459 1 -3.62984e-006 -1.22022e-006 -2.73633e-006 -0.900221 0.435433 -2.67902e-006 -0.435433 -0.900221 0.97148 0.0275079
228.456 73.0458 -7.07002 1 0 0 0 -0.900221 0.435433 0 -0.435433 -0.900221 0.953649 0.0318948
228.456 73.5159 -5.46531 1 0 0 0 -0.900221 0.435433 0 -0.435433 -0.900221 0.954072 0.0200972
228.456 71.1765 -5.48459 1 -3.62984e-006 -1.22022e-006 -2.73297e-006 -0.899674 0.436562 -2.68245e-006 -0.436562 -0.899674 0.97148 0.0275079
228.456 30.8636 -106.918 1 0 0 0 -0.897484 0.441048 0 -0.441048 -0.897484 0.966331 0.809965
228.456 32.8875 -106.918 1 0 0 0 -0.895271 0.445523 0 -0.445523 -0.895271 0.951833 0.80348
228.456 73.0458 -7.07002 1 0 0 0 -0.897484 0.441048 0 -0.441048 -0.897484 0.953649 0.0318948
228.456 32.8875 -106.918 0 2.22045e-016 -1 0.999998 -0.00175191 -3.89002e-019 -0.00175191 -0.999998 -2.22044e-016 0.951833 0.80348
224.809 32.183 -106.918 0 2.22045e-016 -1 0.999998 -0.00175191 -3.89002e-019 -0.00175191 -0.999998 -2.22044e-016 0.924953 0.807592
224.809 32.8875 -106.918 0 2.22045e-016 -1 0.999998 -0.00175191 -3.89002e-019 -0.00175191 -0.999998 -2.22044e-016 0.927094 0.803517
224.809 32.183 -106.918 -1 0 0 0 0.682696 -0.730703 -0 -0.730703 -0.682696 0.924953 0.807592
224.809 72.3412 -7.07002 -1 0 0 0 0.683728 -0.729737 -0 -0.729737 -0.683728 0.925905 0.0357891
224.809 73.0458 -7.07002 -1 0 0 0 0.68476 -0.728769 -0 -0.728769 -0.68476 0.92813 0.0317304
224.809 32.8875 -106.918 -1 0 0 0 0.683728 -0.729737 -0 -0.729737 -0.683728 0.927094 0.803517
224.809 72.3412 -7.07002 -3.28189e-008 2.22045e-016 -1 0.999999 -0.00142939 -3.28188e-008 -0.00142939 -0.999999 4.69106e-011 0.925905 0.0357891
192.97 72.3412 -7.07002 -3.56598e-008 2.22045e-016 -1 0.999999 0.00131129 -3.56598e-008 0.00131129 -0.999999 -4.67606e-011 0.702163 0.0360513
192.97 73.0458 -7.07002 -3.56598e-008 2.22045e-016 -1 0.999992 0.00405195 -3.56595e-008 0.00405195 -0.999992 -1.44492e-010 0.703036 0.0307618
224.809 73.0458 -7.07002 -3.28189e-008 2.22045e-016 -1 0.999999 0.00131129 -3.28188e-008 0.00131129 -0.999999 -4.30352e-011 0.92813 0.0317304
224.808 28.1087 62.4488 1 -1.80638e-005 9.54935e-006 9.54952e-006 9.61139e-006 -1 1.80637e-005 1 9.61157e-006 0.205791 0.215554
224.808 27.3852 61.64 1 -1.0577e-005 1.4354e-005 1.43541e-005 9.61132e-006 -1 1.05769e-005 1 9.61147e-006 0.211133 0.210211
224.809 71.1765 -5.48459 1 -1.48224e-005 9.55297e-007 9.55441e-007 9.61151e-006 -1 1.48224e-005 1 9.61153e-006 0.654524 0.533564
215.514 28.1087 92.494 4.2882e-007 7.48066e-007 1 -1 1.13295e-005 4.28811e-007 1.13295e-005 1 -7.48071e-007 0.0653551 0.215711
216.323 27.3852 92.494 7.27079e-007 4.83392e-007 1 -1 1.13295e-005 7.27073e-007 1.13295e-005 1 -4.834e-007 0.0600102 0.210367
224.808 37.681 92.494 3.00723e-007 7.64033e-007 1 -1 1.13295e-005 3.00715e-007 1.13295e-005 1 -7.64037e-007 0.0039396 0.286425
165.84 27.3851 92.494 -1.04571e-006 6.37317e-007 1 1 -0.000204988 1.04584e-006 0.000204988 1 -6.37103e-007 0.0598592 0.210144
166.649 28.1087 92.494 -5.47273e-007 8.81702e-007 1 1 -0.000204988 5.47454e-007 0.000204988 1 -8.8159e-007 0.0652041 0.215489
161.306 37.4334 92.494 -3.39905e-007 4.65353e-007 1 1 -0.000204988 3.4e-007 0.000204988 1 -4.65284e-007 0.0298913 0.284345
224.808 27.3852 84.518 1 0 0 0 5.22471e-006 -1 0 1 5.22471e-006 0.060012 0.210212
224.808 28.1087 83.7092 1 0 0 0 5.22471e-006 -1 0 1 5.22471e-006 0.0653545 0.215555
224.808 37.681 92.494 1 -1.19357e-005 3.76875e-006 3.76881e-006 5.22466e-006 -1 1.19356e-005 1 5.22471e-006 0.00732619 0.286236
215.514 28.1087 89.4822 9.57959e-005 0.000154592 -1 -1 9.31507e-006 -9.57944e-005 9.30026e-006 1 0.000154593 0.0649129 0.215556
221.361 38.1843 89.4843 7.49627e-005 0.000130821 -1 -1 9.313e-006 -7.49615e-005 9.3032e-006 1 0.000130822 0.0262351 0.29006
216.323 27.3852 89.4822 0.000181831 0.00011127 -1 -1 9.32584e-006 -0.00018183 9.30561e-006 1 0.000111272 0.059563 0.210206
165.84 27.3852 89.4822 0 2.22045e-016 -1 1 9.19199e-006 2.04103e-021 -9.19199e-006 1 2.22045e-016 0.0598731 0.210335
161.306 37.8303 89.4822 0 2.22045e-016 -1 0.836828 -0.547466 -1.21562e-016 0.547466 0.836828 1.85813e-016 0.0298763 0.287571
161.306 37.8116 89.4822 0 2.22045e-016 -1 0.400553 -0.916274 -2.03454e-016 -0.916274 -0.400553 -8.89407e-017 0.0298763 0.28811
166.649 28.1087 89.4822 0 2.22045e-016 -1 0.836828 -0.547466 -1.21562e-016 0.547466 0.836828 1.85813e-016 0.0652235 0.215685
221.361 28.1087 62.4488 -1 0.000133344 0.000587144 -0.000587142 1.7238e-005 -1 0.000133354 1 1.71597e-005 0.206131 0.215957
221.361 49.1955 58.647 -1 2.0194e-005 3.71473e-005 -3.71471e-005 1.72445e-005 -1 2.01947e-005 1 1.72437e-005 0.231338 0.372229
221.36 27.3852 61.64 -0.999999 0.000243638 0.00134344 -0.00134343 1.74052e-005 -0.999999 0.000243661 1 1.70778e-005 0.211493 0.210595
221.361 27.3852 84.518 -1 -2.94413e-006 -4.81965e-006 4.81958e-006 2.3732e-005 -1 -2.94425e-006 1 2.3732e-005 0.0598212 0.210598
221.361 38.1843 89.4843 -1 -1.67554e-006 -4.54643e-006 4.54639e-006 2.3732e-005 -1 -1.67565e-006 1 2.3732e-005 0.0268978 0.29063
221.361 28.1087 83.7092 -1 -4.07976e-006 -2.53223e-006 2.53214e-006 2.3732e-005 -1 -4.07982e-006 1 2.3732e-005 0.0651833 0.21596
216.323 27.3852 92.494 -0.801182 -0.598421 -1.32876e-016 3.64963e-006 -4.88623e-006 1 -0.598421 0.801182 6.09877e-006 0.697179 0.399373
215.514 28.1087 92.494 -0.513066 -0.858349 -1.90592e-016 5.24095e-006 -3.1327e-006 1 -0.858349 0.513066 6.10584e-006 0.697179 0.409727
215.514 28.1087 89.4822 -0.513066 -0.858349 -1.90592e-016 5.23831e-006 -3.13113e-006 1 -0.858349 0.513066 6.10278e-006 0.65862 0.409727
216.323 27.3852 89.4822 -0.801182 -0.598421 -1.32876e-016 3.64868e-006 -4.88495e-006 1 -0.598421 0.801182 6.09718e-006 0.65862 0.399373
166.649 28.1087 92.494 0.513066 -0.858349 -4.71454e-007 1.77579e-005 1.00653e-005 1 -0.858349 -0.513066 2.04066e-005 0.697175 0.342805
165.84 27.3851 92.494 0.801182 -0.598421 4.91916e-007 1.3295e-005 1.86218e-005 1 -0.598421 -0.801182 2.28754e-005 0.697174 0.35316
165.84 27.3852 89.4822 0.801182 -0.598421 4.91914e-007 1.51213e-005 2.10668e-005 1 -0.598421 -0.801182 2.59272e-005 0.658615 0.353159
166.649 28.1087 89.4822 0.513066 -0.858349 -4.71455e-007 1.98159e-005 1.12954e-005 1 -0.858349 -0.513066 2.28043e-005 0.658616 0.342805
224.808 27.3852 61.64 0 -0.598422 0.801181 1 -3.98777e-006 -2.97857e-006 4.97737e-006 0.801181 0.598422 0.697088 0.357157
224.808 28.1087 62.4488 0 -0.85835 0.513064 1 -2.04575e-006 -3.42251e-006 3.98732e-006 0.513064 0.85835 0.697088 0.366394
221.361 28.1087 62.4488 0 -0.85832 0.513114 1 -1.53371e-006 -2.56553e-006 2.98902e-006 0.513114 0.85832 0.657723 0.366394
221.36 27.3852 61.64 0 -0.598346 0.801238 1 -3.19e-006 -2.38222e-006 3.98134e-006 0.801238 0.598346 0.657715 0.357157
224.808 28.1087 83.7092 0 -0.858349 -0.513066 -1 -3.07067e-006 5.13717e-006 -5.98494e-006 0.513066 -0.858349 0.657697 0.366394
224.808 27.3852 84.518 0 -0.598422 -0.801181 -1 -6.38381e-006 4.76823e-006 -7.96801e-006 0.801181 -0.598422 0.657697 0.357157
221.361 27.3852 84.518 0 -0.598422 -0.801181 -1 -7.98057e-006 5.96089e-006 -9.96101e-006 0.801181 -0.598422 0.697055 0.357157
221.361 28.1087 83.7092 0 -0.858349 -0.513066 -1 -4.09533e-006 6.85141e-006 -7.98208e-006 0.513066 -0.858349 0.697055 0.366394
213.956 28.6863 89.4822 3.7753e-005 0.000164389 -1 -1 5.14396e-006 -3.77522e-005 5.13775e-006 1 0.00016439 0.0752232 0.219827
221.361 38.1843 89.4843 7.49627e-005 0.000130821 -1 -1 5.1497e-006 -7.49621e-005 5.1399e-006 1 0.000130822 0.0262351 0.29006
215.514 28.1087 89.4822 9.57959e-005 0.000154592 -1 -1 5.15319e-006 -9.57951e-005 5.13838e-006 1 0.000154593 0.0649129 0.215556
165.195 25.9908 89.4822 0 2.22045e-016 -1 0.999951 -0.00985564 -2.18839e-018 0.00985564 0.999951 2.22034e-016 0.0556024 0.200024
161.306 37.8116 89.4822 0 2.22045e-016 -1 0.852848 -0.522159 -1.15943e-016 0.522159 0.852848 1.8937e-016 0.0298763 0.286753
161.306 37.8303 89.4822 0 2.22045e-016 -1 0.463455 -0.88612 -1.96758e-016 0.88612 0.463455 1.02908e-016 0.0298763 0.287571
165.84 27.3852 89.4822 0 2.22045e-016 -1 0.852848 -0.522159 -1.15943e-016 0.522159 0.852848 1.8937e-016 0.0598731 0.210335
221.361 28.6863 64.0075 -1 4.25724e-005 0.000165524 -0.000165523 1.36977e-005 -1 4.25747e-005 1 1.36907e-005 0.195798 0.220238
221.361 49.1955 58.647 -1 2.0194e-005 3.71473e-005 -3.71471e-005 1.3699e-005 -1 2.01945e-005 1 1.36983e-005 0.231338 0.372229
221.361 28.1087 62.4488 -1 0.000133344 0.000587144 -0.000587142 1.37382e-005 -1 0.000133352 1 1.36599e-005 0.206131 0.215957
221.361 25.9908 85.1636 -1 4.51528e-008 -1.63807e-005 1.63806e-005 1.09958e-005 -1 4.49727e-008 1 1.09958e-005 0.0555407 0.200264
221.361 38.1843 89.4843 -1 -1.67554e-006 -4.54643e-006 4.54641e-006 1.09958e-005 -1 -1.67559e-006 1 1.09958e-005 0.0268978 0.29063
221.361 27.3852 84.518 -1 -2.94413e-006 -4.81965e-006 4.81962e-006 1.09958e-005 -1 -2.94418e-006 1 1.09958e-005 0.0598212 0.210598
224.809 71.1765 -5.48459 1 -1.48224e-005 9.55297e-007 9.55496e-007 1.33563e-005 -1 1.48224e-005 1 1.33563e-005 0.654524 0.533564
224.808 28.6863 64.0075 1 -2.04951e-005 6.79303e-006 6.7933e-006 1.33562e-005 -1 2.0495e-005 1 1.33564e-005 0.195494 0.219819
224.808 28.1087 62.4488 1 -1.80638e-005 9.54935e-006 9.54959e-006 1.33562e-005 -1 1.80637e-005 1 1.33564e-005 0.205791 0.215554
224.809 71.1765 -5.48459 1 -1.48224e-005 9.55297e-007 9.55379e-007 5.29898e-006 -1 1.48224e-005 1 5.29899e-006 0.654524 0.533564
224.808 27.3852 61.64 1 -1.0577e-005 1.4354e-005 1.43541e-005 5.29877e-006 -1 1.05769e-005 1 5.29893e-006 0.211133 0.210211
224.808 25.9908 60.9943 1 -1.20345e-005 9.67428e-006 9.67435e-006 5.29883e-006 -1 1.20345e-005 1 5.29895e-006 0.215398 0.199915
224.808 37.681 92.494 3.00723e-007 7.64033e-007 1 -1 -5.96537e-006 3.00728e-007 -5.96537e-006 1 -7.64032e-007 0.0039396 0.286425
213.956 28.6863 92.494 1.02347e-007 1.11568e-006 1 -1 -5.96537e-006 1.02353e-007 -5.96537e-006 1 -1.11568e-006 0.0756557 0.219978
215.514 28.1087 92.494 4.2882e-007 7.48066e-007 1 -1 -5.96537e-006 4.28824e-007 -5.96537e-006 1 -7.48064e-007 0.0653551 0.215711
224.808 37.681 92.494 3.00723e-007 7.64033e-007 1 -1 2.18322e-006 3.00722e-007 2.18322e-006 1 -7.64034e-007 0.0039396 0.286425
216.323 27.3852 92.494 7.27079e-007 4.83392e-007 1 -1 2.18322e-006 7.27078e-007 2.18322e-006 1 -4.83393e-007 0.0600102 0.210367
216.969 25.9908 92.494 6.49216e-007 2.31652e-007 1 -1 2.18322e-006 6.49215e-007 2.18322e-006 1 -2.31653e-007 0.0557437 0.200066
224.808 37.681 92.494 1 -1.19357e-005 3.76875e-006 3.76872e-006 -2.72571e-006 -1 1.19357e-005 1 -2.72567e-006 0.00732619 0.286236
224.808 25.9908 85.1636 1 0 0 0 -2.72567e-006 -1 0 1 -2.72567e-006 0.0557473 0.199916
224.808 27.3852 84.518 1 0 0 0 -2.72567e-006 -1 0 1 -2.72567e-006 0.060012 0.210212
224.808 37.681 92.494 1 -1.19357e-005 3.76875e-006 3.76898e-006 1.93787e-005 -1 1.19356e-005 1 1.93788e-005 0.00732619 0.286236
224.808 28.1087 83.7092 1 0 0 0 1.93788e-005 -1 0 1 1.93788e-005 0.0653545 0.215555
224.808 28.6863 82.1504 1 -1.36377e-005 4.30617e-006 4.30643e-006 1.93787e-005 -1 1.36376e-005 1 1.93788e-005 0.0756508 0.219819
216.323 27.3852 89.4822 0.000181831 0.00011127 -1 -1 -8.7849e-006 -0.000181832 -8.80514e-006 1 0.000111269 0.059563 0.210206
221.361 38.1843 89.4843 7.49627e-005 0.000130821 -1 -1 -8.79945e-006 -7.49639e-005 -8.80925e-006 1 0.00013082 0.0262351 0.29006
216.969 25.9908 89.4822 0.000198384 4.58917e-005 -1 -1 -8.78227e-006 -0.000198385 -8.79137e-006 1 4.58899e-005 0.0552923 0.199896
168.208 28.6863 89.4822 1.14559e-005 3.81776e-005 -1 0.871504 0.490389 2.87058e-005 -0.490389 0.871504 2.76541e-005 0.0755344 0.219955
166.649 28.1087 89.4822 0 2.22045e-016 -1 0.999996 0.00289294 6.42362e-019 -0.00289294 0.999996 2.22044e-016 0.0652235 0.215685
161.306 37.8116 89.4822 0 2.22045e-016 -1 0.871504 0.490389 1.08888e-016 -0.490389 0.871504 1.93513e-016 0.0298763 0.28811
161.306 37.9788 89.4822 0 5.08704e-005 -1 0.521509 0.853246 4.34049e-005 -0.853246 0.521509 2.65293e-005 0.0298763 0.288669
221.361 28.6863 82.1504 -1 -2.83531e-006 -1.59336e-006 1.59333e-006 1.29624e-005 -1 -2.83533e-006 1 1.29624e-005 0.0755171 0.22024
221.361 28.1087 83.7092 -1 -4.07976e-006 -2.53223e-006 2.53218e-006 1.29625e-005 -1 -4.07979e-006 1 1.29624e-005 0.0651833 0.21596
221.361 38.1843 89.4843 -1 -1.67554e-006 -4.54643e-006 4.5464e-006 1.29625e-005 -1 -1.6756e-006 1 1.29624e-005 0.0268978 0.29063
216.969 25.9908 92.494 -0.97616 -0.217053 -4.81954e-017 9.69474e-007 -4.36006e-006 1 -0.217053 0.97616 4.46654e-006 0.697179 0.379417
216.323 27.3852 92.494 -0.801182 -0.598421 -1.32876e-016 2.67056e-006 -3.57541e-006 1 -0.598421 0.801182 4.46267e-006 0.697179 0.399373
216.323 27.3852 89.4822 -0.801182 -0.598421 -1.32876e-016 2.66424e-006 -3.56696e-006 1 -0.598421 0.801182 4.45212e-006 0.65862 0.399373
216.969 25.9908 89.4822 -0.97616 -0.217053 -4.81954e-017 9.66656e-007 -4.34738e-006 1 -0.217053 0.97616 4.45355e-006 0.65862 0.379417
168.208 28.6863 92.494 0.17519 -0.984535 -8.81976e-007 1.80748e-005 2.32044e-006 1 -0.984535 -0.17519 1.82018e-005 0.697175 0.32285
166.649 28.1087 92.494 0.513066 -0.858349 -4.71454e-007 1.49328e-005 8.37662e-006 1 -0.858349 -0.513066 1.71153e-005 0.697175 0.342805
166.649 28.1087 89.4822 0.513066 -0.858349 -4.71455e-007 1.40215e-005 7.83187e-006 1 -0.858349 -0.513066 1.60536e-005 0.658616 0.342805
168.208 28.6863 89.4822 0.17519 -0.984535 -8.81976e-007 1.73405e-005 2.18976e-006 1 -0.984535 -0.17519 1.74559e-005 0.658616 0.322849
224.808 25.9908 60.9943 -8.19858e-007 -0.217053 0.97616 1 -3.02344e-006 1.67608e-007 2.91498e-006 0.97616 0.217053 0.697088 0.339356
224.808 27.3852 61.64 0 -0.598422 0.801181 1 -2.63513e-006 -1.96825e-006 3.28906e-006 0.801181 0.598422 0.697088 0.357157
221.36 27.3852 61.64 0 -0.598346 0.801238 1 -2.93162e-006 -2.18927e-006 3.65886e-006 0.801238 0.598346 0.657715 0.357157
221.359 25.9908 60.9943 -8.20073e-007 -0.216997 0.976172 1 -3.38584e-006 8.74393e-008 3.28619e-006 0.976172 0.216997 0.657699 0.339356
224.808 28.6863 82.1504 0 -0.984534 -0.175191 -1 -9.74521e-007 5.47658e-006 -5.56261e-006 0.175191 -0.984534 0.657697 0.384195
224.808 28.1087 83.7092 0 -0.858349 -0.513066 -1 -2.65027e-006 4.43385e-006 -5.16556e-006 0.513066 -0.858349 0.657697 0.366394
221.361 28.1087 83.7092 0 -0.858349 -0.513066 -1 -2.44923e-006 4.09752e-006 -4.77373e-006 0.513066 -0.858349 0.697055 0.366394
221.361 28.6863 82.1504 0 -0.984534 -0.175191 -1 -9.05885e-007 5.09087e-006 -5.17084e-006 0.175191 -0.984534 0.697055 0.384195
215.514 28.1087 92.494 -0.513066 -0.858349 -1.90592e-016 4.17343e-006 -2.49461e-006 1 -0.858349 0.513066 4.86216e-006 0.697179 0.409727
213.956 28.6863 92.494 -0.17519 -0.984535 -2.18611e-016 4.38248e-006 -7.79826e-007 1 -0.984535 0.17519 4.45132e-006 0.697179 0.429683
213.956 28.6863 89.4822 -0.17519 -0.984535 -2.18611e-016 3.97348e-006 -7.07048e-007 1 -0.984535 0.17519 4.0359e-006 0.65862 0.429683
215.514 28.1087 89.4822 -0.513066 -0.858349 -1.90592e-016 3.81968e-006 -2.28316e-006 1 -0.858349 0.513066 4.45002e-006 0.65862 0.409727
165.84 27.3851 92.494 0.801182 -0.598421 4.91916e-007 1.0265e-005 1.45651e-005 1 -0.598421 -0.801182 1.78121e-005 0.697174 0.35316
165.195 25.9908 92.494 0.97616 -0.217052 1.44696e-006 2.18526e-006 1.64943e-005 1 -0.217052 -0.97616 1.65754e-005 0.697174 0.373115
165.195 25.9908 89.4822 0.97616 -0.217053 1.44696e-006 1.57683e-006 1.37579e-005 1 -0.217053 -0.97616 1.37722e-005 0.658615 0.373115
165.84 27.3852 89.4822 0.801182 -0.598421 4.91914e-007 9.16326e-006 1.309e-005 1 -0.598421 -0.801182 1.5971e-005 0.658615 0.353159
224.808 28.1087 62.4488 0 -0.85835 0.513064 1 -1.22178e-006 -2.04402e-006 2.38133e-006 0.513064 0.85835 0.697088 0.366394
224.808 28.6863 64.0075 0 -0.984535 0.17519 1 -2.08789e-007 -1.17336e-006 1.19179e-006 0.17519 0.984535 0.697088 0.384195
221.361 28.6863 64.0075 0 -0.984531 0.175209 1 0 0 0 0.175209 0.984531 0.65773 0.384195
221.361 28.1087 62.4488 0 -0.85832 0.513114 1 -6.10941e-007 -1.02196e-006 1.19065e-006 0.513114 0.85832 0.657723 0.366394
224.808 27.3852 84.518 0 -0.598422 -0.801181 -1 -5.85183e-006 4.37088e-006 -7.304e-006 0.801181 -0.598422 0.657697 0.357157
224.808 25.9908 85.1636 0 -0.217053 -0.97616 -1 -7.83531e-006 1.74221e-006 -8.02667e-006 0.97616 -0.217053 0.657697 0.339356
221.361 25.9908 85.1636 0 -0.217053 -0.97616 -1 -8.55136e-006 1.90143e-006 -8.76021e-006 0.97616 -0.217053 0.697055 0.339357
221.361 27.3852 84.518 0 -0.598422 -0.801181 -1 -6.43998e-006 4.81018e-006 -8.03811e-006 0.801181 -0.598422 0.697055 0.357157
221.361 49.1955 58.647 -1 2.0194e-005 3.71473e-005 -3.71472e-005 1.58301e-005 -1 2.01946e-005 1 1.58294e-005 0.231338 0.372229
221.359 25.9908 60.9943 -1 8.19169e-005 -0.000303334 0.000303336 1.57083e-005 -1 8.19121e-005 1 1.57331e-005 0.215773 0.200261
221.36 27.3852 61.64 -0.999999 0.000243638 0.00134344 -0.00134343 1.58081e-005 -0.999999 0.000243659 1 1.54808e-005 0.211493 0.210595
221.359 0.000205107 60.9943 -1 -2.14424e-006 -4.76117e-022 -3.62896e-011 1.69242e-005 -1 -2.14424e-006 1 1.69242e-005 0.21577 0.00680758
221.359 25.9908 60.9943 -1 8.19169e-005 -0.000303334 0.000303336 1.68994e-005 -1 8.19118e-005 1 1.69242e-005 0.215773 0.200261
221.359 0.000205107 58.647 -1 6.98423e-007 -3.1475e-005 3.1475e-005 1.69242e-005 -1 6.9789e-007 1 1.69242e-005 0.231332 0.00680728
221.359 25.9908 60.9943 -1 8.19169e-005 -0.000303334 0.00030512 0.0227512 -0.999741 7.49945e-005 0.999741 0.0227512 0.215773 0.200261
221.361 49.1955 58.647 -1 2.0194e-005 3.71473e-005 -3.66781e-005 0.0227512 -0.999741 2.10339e-005 0.999741 0.0227512 0.231338 0.372229
221.359 0.000205107 58.647 -1 6.98423e-007 -3.1475e-005 3.14828e-005 0.0227512 -0.999741 -1.78506e-008 0.999741 0.0227512 0.231332 0.00680728
192.97 72.3412 -7.07002 -1.36506e-007 0.927773 -0.373146 0.999999 -0.00042841 -0.00106554 -0.00114844 -0.373146 -0.927772 0.705009 0.0360513
224.809 72.3412 -7.07002 -1.02027e-007 0.927773 -0.373146 1 -0.00027855 -0.000692847 -0.000746744 -0.373146 -0.927772 0.925905 0.0357891
224.809 32.183 -106.918 -1.02027e-007 0.927773 -0.373146 1 -0.000128658 -0.000320163 -0.000345047 -0.373146 -0.927772 0.924965 0.807592
192.97 32.183 -106.918 -1.36506e-007 0.927773 -0.373146 1 -0.000278518 -0.00069286 -0.000746744 -0.373146 -0.927772 0.703397 0.807671
192.97 72.3414 -3.86061 0 0.946748 0.321977 1 -7.35531e-008 2.16277e-007 -2.28442e-007 -0.321977 0.946748 0.925836 0.0359198
161.306 72.3414 -3.86061 0 0.946748 0.321977 1 0.000181088 -0.000532475 0.000562426 -0.321977 0.946747 0.70601 0.0359199
161.306 38.4062 95.9233 0 0.946748 0.321977 0.999999 0.000362249 -0.00106517 0.00112508 -0.321976 0.946747 0.707325 0.807767
192.97 38.4062 95.9233 0 0.946748 0.321977 1 0.000181088 -0.000532475 0.000562426 -0.321977 0.946747 0.926817 0.808028
192.97 28.6863 92.494 -2.75282e-009 1.24674e-006 1 -1 -3.43205e-015 -2.75282e-009 0 1 -1.24674e-006 0.21434 0.219978
213.956 28.6863 92.494 1.02347e-007 1.11568e-006 1 -1 1.14186e-013 1.02347e-007 0 1 -1.11568e-006 0.0756557 0.219978
224.808 37.681 92.494 3.00723e-007 7.64033e-007 1 -1 2.29763e-013 3.00723e-007 2.71051e-020 1 -7.64033e-007 0.0039396 0.286425
192.97 37.681 92.494 -2.74514e-009 1.24672e-006 1 -1 -3.42241e-015 -2.74514e-009 2.11758e-022 1 -1.24672e-006 0.21434 0.286425
192.97 31.7901 -103.463 1.76004e-007 3.50614e-007 -1 1 1.27215e-005 1.76008e-007 1.27215e-005 -1 -3.50612e-007 0.291892 0.559433
224.808 31.7901 -103.463 0 2.22045e-016 -1 1 1.26059e-005 4.74338e-020 1.26059e-005 -1 -2.22045e-016 0.521462 0.559436
224.808 0.000205107 -103.463 0 2.22045e-016 -1 1 1.24902e-005 1.04927e-013 1.24902e-005 -1 -2.22045e-016 0.521459 0.816739
192.97 0.000205107 -103.463 1.76004e-007 3.50614e-007 -1 1 1.26059e-005 1.76008e-007 1.26059e-005 -1 -3.50612e-007 0.291888 0.816736
192.97 28.6863 92.494 5.03342e-008 -1 -4.13819e-007 1.55425e-005 -4.13818e-007 1 -1 -5.03406e-008 1.55425e-005 0.697181 0.00583838
168.208 28.6863 92.494 0.17519 -0.984535 -8.81976e-007 1.59949e-005 1.95034e-006 1 -0.984535 -0.17519 1.60893e-005 0.697175 0.32285
168.208 28.6863 89.4822 0.17519 -0.984535 -8.81976e-007 1.67699e-005 2.08822e-006 1 -0.984535 -0.17519 1.68763e-005 0.658616 0.322849
192.97 28.6863 89.4822 5.03342e-008 -1 -4.13819e-007 1.6511e-005 -4.13818e-007 1 -1 -5.0341e-008 1.6511e-005 0.658621 0.00583779
192.97 31.7901 -103.463 1.55922e-007 -0.965862 0.259058 1 -8.3876e-005 -0.000313322 -0.000324354 -0.259058 -0.965862 0.923928 0.820485
161.306 31.7901 -103.463 -2.28622e-008 -0.965862 0.259059 1 -8.52085e-005 -0.000317599 -0.000328831 -0.259059 -0.965862 0.702039 0.820557
161.306 30.8636 -106.918 -2.28622e-008 -0.965862 0.259059 1 -8.63681e-005 -0.000321923 -0.000333307 -0.259059 -0.965862 0.702046 0.845817
192.97 30.8636 -106.918 1.55922e-007 -0.965862 0.259058 1 -8.50357e-005 -0.000317645 -0.000328831 -0.259058 -0.965862 0.923726 0.845742
192.97 37.0869 95.9233 0 -2.22045e-016 1 1 0.000771832 1.71381e-019 0.000771832 -1 -2.22045e-016 0.700477 0.818262
228.456 37.0869 95.9233 0 -2.22045e-016 1 0.999999 0.00154366 3.42762e-019 0.00154366 -0.999999 -2.22044e-016 0.950592 0.818709
224.809 38.4062 95.9233 0 -2.22045e-016 1 1 0.000771832 1.71381e-019 0.000771832 -1 -2.22045e-016 0.924909 0.807898
192.97 38.4062 95.9233 0 -2.22045e-016 1 1 0 0 0 -1 -2.22045e-016 0.700827 0.807898
192.97 30.8636 -106.918 -1.76004e-007 2.22045e-016 -1 -1 0.000151617 1.76004e-007 -0.000151617 -1 2.6685e-011 0.704022 0.818491
161.306 30.8636 -106.918 0 2.22045e-016 -1 -1 0.000156636 1.0244e-013 -0.000156636 -1 -2.22045e-016 0.926926 0.81853
161.306 32.1829 -106.918 0 2.22045e-016 -1 -1 0.000161655 0 -0.000161655 -1 -2.22045e-016 0.926928 0.80767
192.97 32.183 -106.918 -1.76004e-007 2.22045e-016 -1 -1 0.000156636 1.76004e-007 -0.000156636 -1 2.75683e-011 0.704025 0.807627
192.97 73.5159 -5.46531 6.25479e-010 1 -4.48935e-005 0.999991 1.91511e-007 0.00428089 -0.00428089 4.48931e-005 0.999991 0.925287 0.0187944
161.306 73.5159 -5.46531 0 1 -4.48891e-005 0.999991 1.88044e-007 0.0041892 -0.0041892 4.48887e-005 0.999991 0.701857 0.0198054
161.306 73.046 -3.86061 0 0.959692 0.281053 0.999991 -0.0012 0.00409757 -0.00426967 -0.281051 0.959683 0.701874 0.0317257
192.97 73.046 -3.86061 1.15147e-008 0.959692 0.281053 0.99999 -0.00122687 0.00418925 -0.00436521 -0.281051 0.959683 0.92587 0.0307618
192.97 73.0458 -7.07002 -1.03143e-008 0.959666 -0.281141 0.99999 0.00128813 0.00439697 -0.00458177 0.281138 0.959656 0.925151 0.00687113
161.306 73.0458 -7.07002 5.10786e-016 0.959666 -0.281141 0.99999 0.00127469 0.00435113 -0.004534 0.281138 0.959657 0.70173 0.00790563
161.306 73.5159 -5.46531 0 1 -4.48891e-005 0.999991 1.93266e-007 0.00430534 -0.00430534 4.48886e-005 0.999991 0.701857 0.0198054
192.97 73.5159 -5.46531 6.25479e-010 1 -4.48935e-005 0.999991 1.94682e-007 0.00435118 -0.00435118 4.48931e-005 0.999991 0.925287 0.0187944
192.97 72.3414 -3.86061 4.38494e-008 -2.22045e-016 1 -1 1.90236e-024 4.38494e-008 -1.16389e-023 -1 -2.22045e-016 0.9265 0.035749
224.809 72.3414 -3.86061 5.46981e-008 -2.22045e-016 1 -1 -5.06536e-025 5.46981e-008 -1.16389e-023 -1 -2.22045e-016 0.702567 0.035749
224.809 73.046 -3.86061 5.46981e-008 -2.22045e-016 1 -1 -5.06536e-025 5.46981e-008 -1.16389e-023 -1 -2.22045e-016 0.702567 0.0311538
