1
pCubeShape2
458
1092
-7.025 -0.0709024 20.7735 0 -1.64796e-007 1 1 0 0 0 1 1.64796e-007 0.00897634 0.879096
7.025 -0.0709024 20.7735 0 -1.64796e-007 1 1 5.18229e-007 8.54019e-014 -5.18229e-007 1 1.64796e-007 0.176226 0.879096
7.025 4.99273 20.7735 0 -1.48558e-008 1 1 6.5277e-008 9.69739e-016 -6.5277e-008 1 1.48558e-008 0.176226 0.961368
-7.025 4.99273 20.7735 0 0 1 1 1.74071e-007 0 -1.74071e-007 1 0 0.00897634 0.961368
-7.025 6.9291 20.7735 0 1 0 1 0 0 0 0 -1 0.0237364 0.194042
7.025 6.9291 20.7735 0 1 0 1 0 0 0 0 -1 0.190987 0.194042
7.025 6.9291 19.4212 0 1 0 1 0 0 0 0 -1 0.190987 0.206472
-7.025 6.9291 19.4212 0 1 0 1 0 0 0 0 -1 0.0237364 0.206472
-7.025 4.99273 -19.6342 0 0 -1 -1 2.877e-008 0 2.877e-008 1 0 0.773166 0.135177
7.025 4.99273 -19.6342 9.8028e-008 0 -1 -1 2.69721e-008 -9.8028e-008 2.69721e-008 1 2.64402e-015 0.520182 0.135177
7.025 -0.0709024 -19.6342 1.35514e-007 0 -1 -1 1.17496e-007 -1.35514e-007 1.17496e-007 1 1.59223e-014 0.520182 0.0107323
-7.025 -0.0709024 -19.6342 0 0 -1 -1 -4.31549e-008 0 -4.31549e-008 1 0 0.773166 0.0107324
-7.025 -0.0709024 19.4212 0 -1 0 -1 0 0 -0 -0 -1 0.972891 0.833965
7.025 -0.0709024 19.4212 0 -1 0 -1 0 -1.22299e-006 1.22299e-006 0 -1 0.905969 0.833965
7.025 -0.0709024 20.7735 0 -1 0 -1 0 -3.05749e-006 3.05749e-006 0 -1 0.905969 0.828991
-7.025 -0.0709024 20.7735 0 -1 0 -1 0 1.15354e-006 -1.15354e-006 -0 -1 0.972891 0.828991
34.8501 -0.0709005 20.7735 1 -2.97994e-008 0 0 0 -1 2.97994e-008 1 0 0.581366 0.869892
34.8501 -0.0709005 19.4212 1 -8.50997e-009 0 0 0 -1 8.50997e-009 1 0 0.593796 0.869892
34.8501 3.03321 19.4212 1 -8.50997e-009 0 0 0 -1 8.50997e-009 1 0 0.593796 0.920326
34.8501 3.03321 20.7735 1 -2.97994e-008 0 0 0 -1 2.97994e-008 1 0 0.581366 0.920326
-7.025 -0.0709024 19.4212 -1 0 0 0 1 0 0 0 -1 0.785083 0.0290543
-7.025 -0.0709024 20.7735 -1 0 0 0 1 7.76842e-008 0 7.76842e-008 -1 0.785083 0.0166244
-7.025 4.99273 20.7735 -1 0 0 0 1 -8.3641e-008 -0 -8.3641e-008 -1 0.867354 0.0166244
-7.025 4.99273 19.4212 -1 0 0 0 1 2.58947e-008 0 2.58947e-008 -1 0.867354 0.0290543
-7.025 6.9291 -5.98422 0 1 0 1 0 0 0 0 -1 0.0237364 0.439972
7.025 6.9291 -5.98422 0 1 0 1 0 1.12196e-007 1.12196e-007 0 -1 0.190987 0.439972
7.025 6.9291 -19.6342 0 1 0 1 0 2.8049e-007 2.8049e-007 0 -1 0.190987 0.565429
-7.025 6.9291 -19.6342 0 1 0 1 0 0 0 0 -1 0.0237364 0.565429
34.7683 4.99273 -5.98422 1 1.01042e-013 0 -1.01042e-013 1 2.02705e-008 2.04818e-021 -2.02705e-008 1 0.216792 0.682617
34.7683 -0.0709024 -5.98422 1 -5.92548e-007 0 5.92548e-007 1 -1.09864e-007 6.50996e-014 1.09864e-007 1 0.149775 0.682617
34.7683 -0.0709024 -19.6342 1 -6.76085e-007 0 6.76086e-007 1 0 0 0 1 0.149775 0.580422
34.7683 4.99273 -19.6342 1 0 0 0 1 -5.49319e-008 0 5.49319e-008 1 0.216792 0.580422
7.025 -0.0709024 -5.98422 0 -1 0 -1 0 2.72389e-006 -2.72389e-006 -0 -1 0.905969 0.927397
-7.025 -0.0709024 -5.98422 0 -1 0 -1 0 -3.84515e-007 3.84515e-007 0 -1 0.972891 0.927397
-7.025 -0.0709024 -19.6342 0 -1 0 -1 0 -1.15355e-006 1.15355e-006 0 -1 0.972891 0.977596
7.025 -0.0709024 -19.6342 0 -1 0 -1 0 -4.45524e-007 4.45524e-007 0 -1 0.905969 0.977596
-7.025 -0.0709024 -5.98422 -1 -3.81487e-008 0 -3.81487e-008 1 -1.64796e-007 6.28674e-015 -1.64796e-007 -1 0.785083 0.262554
-7.025 4.99273 -5.98422 -1 -4.20357e-015 0 -4.20357e-015 1 7.58182e-008 -3.18707e-022 7.58182e-008 -1 0.867354 0.262554
-7.025 4.99273 -19.6342 -1 0 0 0 1 0 0 0 -1 0.867354 0.388011
-7.025 -0.0709024 -19.6342 -1 0 0 0 1 -8.23978e-008 -0 -8.23978e-008 -1 0.785083 0.388011
7.025 4.99273 -5.98422 -2.8049e-007 -5.32166e-015 1 2.48839e-014 1 1.77389e-015 -1 2.48839e-014 -2.8049e-007 0.965611 0.808157
7.025 -0.0709024 -5.98422 -3.87751e-007 8.23978e-008 1 0 1 -8.23978e-008 -1 -3.19498e-014 -3.87751e-007 0.88334 0.808157
10 -0.0709024 -5.98422 -2.31556e-007 4.92062e-008 1 1.1394e-014 1 -4.92062e-008 -1 0 -2.31556e-007 0.88334 0.772743
10 4.99273 -5.98422 -1.67502e-007 -3.17798e-015 1 -4.60061e-015 1 2.64832e-015 -1 -4.60061e-015 -1.67502e-007 0.965611 0.772743
10 -0.0709024 -19.6342 0 -1 0 -1 0 1.57736e-006 -1.57736e-006 -0 -1 0.891798 0.977596
10 -0.0709024 -5.98422 0 -1 0 -1 0 -2.9016e-006 2.9016e-006 0 -1 0.891798 0.927396
10 4.99273 -19.6342 3.35005e-007 0 -1 -1 -3.39797e-007 -3.35005e-007 -3.39797e-007 1 -1.13834e-013 0.466614 0.135177
10 -0.0709024 -19.6342 4.63113e-007 0 -1 -1 -4.07854e-007 -4.63113e-007 -4.07854e-007 1 -1.88883e-013 0.466614 0.0107324
10 6.9291 -5.98422 0 1 0 1 0 0 0 0 -1 0.226401 0.439972
10 6.9291 -19.6342 0 1 0 1 0 2.8049e-007 2.8049e-007 0 -1 0.226401 0.565429
22.115 -0.0709024 -19.6342 -1.74644e-007 0 -1 -1 3.1283e-008 1.74644e-007 3.1283e-008 1 -5.46338e-015 0.248472 0.0107324
22.115 4.99273 -19.6342 -1.26333e-007 0 -1 -1 -2.81672e-007 1.26333e-007 -2.81672e-007 1 3.55845e-014 0.248472 0.135177
33.1795 4.99273 -19.6342 0 0 -1 -1 8.97241e-007 0 8.97241e-007 1 0 0.049244 0.135177
33.1795 -0.0709024 -19.6342 0 0 -1 -1 -9.28209e-008 0 -9.28209e-008 1 0 0.0492441 0.0107324
22.115 -0.0709024 -5.98422 0 -1 0 -1 0 7.78771e-007 -7.78771e-007 -0 -1 0.834092 0.927397
22.115 -0.0709024 -19.6342 0 -1 0 -1 0 6.28314e-006 -6.28314e-006 -0 -1 0.834092 0.977596
33.1795 -0.0709024 -19.6342 0 -1 0 -1 0 -6.41819e-006 6.41819e-006 0 -1 0.78139 0.977596
33.1795 -0.0709024 -5.98422 0 -1 1.03848e-008 -1 -4.55068e-014 -4.38205e-006 4.38205e-006 -1.03848e-008 -1 0.78139 0.927396
22.115 4.99273 -5.98422 0 0 1 0 1 0 -1 0 0 0.965611 0.628528
22.115 -0.0709024 -5.98422 0 1.64796e-007 1 0 1 -1.64796e-007 -1 0 0 0.88334 0.628528
33.1795 -0.0709024 -5.98422 0 1.64796e-007 1 0 1 -1.64796e-007 -1 0 0 0.88334 0.496816
33.1795 4.99273 -5.98422 0 -1.64641e-008 1 0 1 1.64641e-008 -1 0 0 0.965611 0.496816
22.115 6.9291 -19.6342 0 1 0 0 0 -1 -1 0 0 0.142208 0.721733
22.115 6.9291 -5.98422 0 1 0 0 0 -1 -1 0 0 0.0167509 0.721733
33.1795 6.9291 -5.98422 0 1 0 0 0 -1 -1 0 0 0.0167509 0.590022
33.1795 6.9291 -19.6342 0 1 0 0 0 -1 -1 0 0 0.142208 0.590022
10 13.9795 -19.6342 0 1 0 0.999984 0 0.00560355 0.00560355 0 -0.999984 0.522559 0.855722
10 13.9795 -5.98422 0 1 0 0.999979 0 0.00654146 0.00654146 0 -0.999979 0.522256 0.689171
12.0068 13.9795 -5.98422 0 1 0 0.999997 0 0.00249314 0.00249314 0 -0.999997 0.555173 0.689354
12.0068 13.9795 -19.6342 0 1 0 0.99999 0 0.00436099 0.00436099 0 -0.99999 0.555173 0.85586
12.0068 4.99273 -19.6342 0 0 -1 -1 -8.15833e-008 0 -8.15833e-008 1 0 0.430479 0.135177
12.0068 -0.0709024 -19.6342 0 0 -1 -1 -3.34365e-007 0 -3.34365e-007 1 0 0.43048 0.0107323
12.0068 -0.0709024 -19.6342 0 -1 0 -1 0 4.40246e-006 -4.40246e-006 -0 -1 0.882239 0.977596
12.0068 -0.0709024 -5.98422 0 -1 0 -1 0 3.58802e-006 -3.58802e-006 -0 -1 0.882239 0.927396
12.0068 -0.0709024 -5.98422 0 0 1 0 1 0 -1 0 0 0.88334 0.748854
12.0068 4.99273 -5.98422 0 0 1 0 1 0 -1 0 0 0.965611 0.748854
10 6.9291 -19.6342 -1 0 0 0 0.999999 0.00159542 0 0.00159542 -0.999999 0.369619 0.855585
10 6.9291 -5.98422 -1 0 0 0 0.999999 0.00133051 0 0.00133051 -0.999999 0.369619 0.689079
10 13.9795 -5.98422 -1 0 0 0 0.999999 0.0010656 0 0.0010656 -0.999999 0.522256 0.689171
10 13.9795 -19.6342 -1 0 0 0 0.999999 0.00133051 0 0.00133051 -0.999999 0.522559 0.855722
10.7977 8.56878 11.1835 0 0 1 1 0 0 0 1 0 0.53837 0.393246
12.1945 8.56878 11.1835 0 0 1 0.999975 -0.00712047 0 0.00712047 0.999975 0 0.560438 0.393246
12.1945 12.3398 11.1835 0 0 1 0.999899 -0.0142413 0 0.0142413 0.999899 0 0.558904 0.478146
10.7977 12.3398 11.1835 0 0 1 0.999899 -0.0142413 0 0.0142413 0.999899 0 0.53722 0.47725
22.115 6.9291 -5.98422 1 0 0 0 -0.999991 0.00425535 0 -0.00425535 -0.999991 0.868946 0.689903
22.115 6.9291 -19.6342 1 0 0 0 -0.999993 0.00372367 0 -0.00372367 -0.999993 0.868946 0.856409
22.115 13.9795 -19.6342 1 0 0 0 -0.999995 0.003192 0 -0.003192 -0.999995 0.715892 0.856134
22.115 13.9795 -5.98422 1 0 0 0 -0.999993 0.00372367 0 -0.00372367 -0.999993 0.715552 0.689537
12.0068 6.9291 -19.6342 0 0 -1 -1 -6.84882e-008 0 -6.84882e-008 1 0 0.430479 0.182765
10 6.9291 -19.6342 0 0 -1 -1 -8.0095e-008 0 -8.0095e-008 1 0 0.466614 0.182765
10 13.9795 -19.6342 0 0 -1 -1 -6.04282e-007 0 -6.04282e-007 1 0 0.466614 0.356035
12.0068 13.9795 -19.6342 0 0 -1 -1 -2.01427e-007 0 -2.01427e-007 1 0 0.430479 0.356035
10 6.9291 -5.98422 0 -1 0 1 0 0 0 0 1 0.63935 0.904213
12.0068 6.9291 -5.98422 0 -1 0 1 0 -4.72685e-008 4.72685e-008 0 1 0.655319 0.904213
12.0068 6.9291 7.46827 0 -1 0 1 0 -7.24453e-008 7.24453e-008 0 1 0.655319 0.978159
10 6.9291 7.46827 0 -1 0 1 0 -6.71382e-008 6.71382e-008 0 1 0.63935 0.978159
22.115 6.9291 -5.98422 1 0 0 0 -0.999991 0.00425535 0 -0.00425535 -0.999991 0.868946 0.689903
22.115 13.9795 -5.98422 1 0 0 0 -0.999991 0.0042557 0 -0.0042557 -0.999991 0.715552 0.689537
22.115 13.9795 7.46827 1 0 0 0 -0.999991 0.00425626 0 -0.00425626 -0.999991 0.715552 0.52544
22.115 6.9291 7.46827 1 0 0 0 -0.999991 0.00425581 0 -0.00425581 -0.999991 0.868946 0.525806
12.0068 13.9795 -5.98422 0 1 -1.26035e-009 0.999997 3.14238e-012 0.00249326 0.00249326 -1.26034e-009 -0.999997 0.555173 0.689354
10 13.9795 -5.98422 0 1 0 0.999972 0 0.00747613 0.00747613 0 -0.999972 0.522256 0.689171
10 13.9795 7.46827 0 1 0 0.999981 0 0.00623042 0.00623042 0 -0.999981 0.522256 0.525074
12.0068 13.9795 7.46827 0 1 0 0.999993 0 0.00373745 0.00373745 0 -0.999993 0.555173 0.525257
10 13.9795 -5.98422 -1 0 0 0 0.999999 0.00106593 0 0.00106593 -0.999999 0.522256 0.689171
10 6.9291 -5.98422 -1 0 0 0 0.999999 0.00106523 0 0.00106523 -0.999999 0.369619 0.689079
10 6.9291 7.46827 -1 0 0 0 0.999999 0.00142045 0 0.00142045 -0.999999 0.369619 0.524982
10 13.9795 7.46827 -1 0 0 0 0.999999 0.00106607 0 0.00106607 -0.999999 0.522256 0.525074
22.115 13.9795 9.97756 1 0 0 0 -0.999991 0.00425671 0 -0.00425671 -0.999991 0.715552 0.494831
22.115 6.9291 9.97756 1 0 0 0 -0.999991 0.00425637 0 -0.00425637 -0.999991 0.868946 0.495197
12.0068 6.9291 9.97756 0 -1 0 1 0 0 0 0 1 0.655319 0.991952
10 6.9291 9.97756 0 -1 0 1 0 -5.03537e-008 5.03537e-008 0 1 0.63935 0.991952
10 6.9291 9.97756 -1 0 0 0 0.999998 0.00212907 0 0.00212907 -0.999998 0.369619 0.494373
10 13.9795 9.97756 -1 0 0 0 0.999999 0.0015984 0 0.0015984 -0.999999 0.522862 0.494556
10 13.9795 9.97756 0 1 0 0.999993 0 0.00374633 0.00374633 0 -0.999993 0.522862 0.494556
12.0068 13.9795 9.97756 0 1 6.75684e-009 0.999993 -2.5268e-011 0.00373961 0.00373961 6.75679e-009 -0.999993 0.555173 0.494648
14.9578 13.9795 7.46827 0 1 -1.75138e-016 1 4.17032e-022 2.38116e-006 2.38116e-006 -1.75138e-016 -1 0.601796 0.525257
14.9578 13.9795 9.97756 0 1 1.352e-008 1 3.98238e-016 -2.94555e-008 -2.94555e-008 1.352e-008 -1 0.601796 0.494648
14.9578 13.9795 -5.98422 0 1 -2.52187e-009 1 6.07928e-015 2.41062e-006 2.41062e-006 -2.52187e-009 -1 0.601796 0.689354
14.9578 13.9795 -5.98422 0 1 0 1 0 0 0 0 -1 0.601796 0.689354
14.9578 13.9795 -19.6342 0 1 0 1 0 0 0 0 -1 0.601796 0.85586
14.9578 6.9291 -19.6342 0 0 -1 -1 3.00587e-007 0 3.00587e-007 1 0 0.377344 0.182765
14.9578 13.9795 -19.6342 0 0 -1 -1 3.34831e-007 0 3.34831e-007 1 0 0.377344 0.356035
14.9578 4.99273 -19.6342 0 0 -1 -1 1.70491e-007 0 1.70491e-007 1 0 0.377344 0.135177
14.9578 -0.0709024 -19.6342 0 0 -1 -1 2.76299e-007 0 2.76299e-007 1 0 0.377343 0.0107323
14.9578 -0.0709024 -19.6342 0 -1 0 -1 0 -1.26239e-005 1.26239e-005 0 -1 0.868183 0.977596
14.9578 -0.0709024 -5.98422 0 -1 0 -1 0 -9.09877e-006 9.09877e-006 0 -1 0.868183 0.927397
14.9578 -0.0709024 -5.98422 0 0 1 0 1 0 -1 0 0 0.88334 0.713726
14.9578 4.99273 -5.98422 0 0 1 0 1 0 -1 0 0 0.965611 0.713726
14.9578 6.9291 -5.98422 0 -1 0 1 0 -2.71031e-008 2.71031e-008 0 1 0.678801 0.904213
14.9578 6.9291 7.46827 0 -1 0 1 0 -5.75152e-008 5.75152e-008 0 1 0.678801 0.978159
12.6134 -0.079383 9.656 0 -1 0 0 0 1 -1 0 0 0.826404 0.91279
12.6134 -0.079383 7.78983 0 -1 0 0 0 1 -1 0 0 0.809252 0.91279
14.3512 -0.079383 7.78983 0 -1 0 0 0 1 -1 0 0 0.809252 0.892103
14.3512 -0.079383 9.656 0 -1 0 0 0 1 -1 0 0 0.826404 0.892103
14.7697 8.56878 11.1835 0 0 1 1 0 0 0 1 0 0.601124 0.393246
14.7697 12.3398 11.1835 0 0 1 1 0 0 0 1 0 0.59959 0.478146
22.115 13.9795 7.46827 0 1 0 0.999976 0 0.00699153 0.00699153 0 -0.999976 0.715552 0.52544
19.969 13.9795 7.46827 0 1 0 0.999994 0 0.00349575 0.00349575 0 -0.999994 0.680966 0.525257
19.969 13.9795 9.97756 0 1 0 0.999997 0 0.00233 0.00233 0 -0.999997 0.680966 0.494648
22.115 13.9795 9.97756 0 1 0 0.999976 0 0.00699115 0.00699115 0 -0.999976 0.715552 0.494831
22.115 13.9795 -5.98422 0 1 0 0.999976 0 0.00699008 0.00699008 0 -0.999976 0.715552 0.689537
19.969 13.9795 -5.98422 0 1 0 0.999989 0 0.00466081 0.00466081 0 -0.999989 0.680966 0.689354
19.969 13.9795 -19.6342 0 1 0 0.999994 0 0.00349548 0.00349548 0 -0.999994 0.680966 0.85586
19.969 13.9795 -5.98422 0 1 0 0.999983 0 0.00582424 0.00582424 0 -0.999983 0.680966 0.689354
22.115 13.9795 -5.98422 0 1 0 0.999976 0 0.00698626 0.00698626 0 -0.999976 0.715552 0.689537
22.115 13.9795 -19.6342 0 1 0 0.999962 0 0.0087363 0.0087363 0 -0.999962 0.715892 0.856134
22.115 6.9291 -19.6342 -2.86966e-007 0 -1 -1 1.58363e-008 2.86966e-007 1.58363e-008 1 -4.54447e-015 0.248472 0.182765
19.969 6.9291 -19.6342 -2.52291e-007 0 -1 -1 -3.36099e-008 2.52291e-007 -3.36099e-008 1 8.47946e-015 0.287113 0.182765
19.969 13.9795 -19.6342 -3.21582e-007 0 -1 -1 -7.8004e-007 3.21582e-007 -7.8004e-007 1 2.50847e-013 0.287113 0.356035
22.115 13.9795 -19.6342 -7.72141e-007 0 -1 -1 -2.8254e-007 7.72141e-007 -2.8254e-007 1 2.18161e-013 0.248472 0.356035
19.969 -0.0709024 -19.6342 -4.47755e-007 0 -1 -1 4.47632e-007 4.47755e-007 4.47632e-007 1 -2.0043e-013 0.287113 0.0107323
19.969 4.99273 -19.6342 -3.23895e-007 0 -1 -1 1.80971e-007 3.23895e-007 1.80971e-007 1 -5.86158e-014 0.287113 0.135177
19.969 -0.0709024 -5.98422 0 -1 0 -1 0 2.15234e-006 -2.15234e-006 -0 -1 0.844314 0.927396
19.969 -0.0709024 -19.6342 0 -1 0 -1 0 2.90506e-007 -2.90506e-007 -0 -1 0.844314 0.977596
19.969 4.99273 -5.98422 1.61948e-007 -3.07259e-015 1 -2.59991e-014 1 5.12099e-016 -1 -2.59991e-014 1.61948e-007 0.965611 0.654073
19.969 -0.0709024 -5.98422 2.23878e-007 1.16715e-007 1 1.07642e-014 1 -1.16715e-007 -1 3.6894e-014 2.23878e-007 0.88334 0.654073
19.969 6.9291 7.46827 0 -1 0 1 0 -5.37788e-008 5.37788e-008 0 1 0.718678 0.978159
19.969 6.9291 -5.98422 0 -1 0 1 0 -2.32904e-008 2.32904e-008 0 1 0.718678 0.904213
22.115 6.9291 -5.98422 0 -1 0 1 0 0 0 0 1 0.735754 0.904213
22.115 6.9291 7.46827 0 -1 0 1 0 -5.99985e-008 5.99985e-008 0 1 0.735754 0.978159
19.969 6.9291 9.97756 0 -1 0 1 0 0 0 0 1 0.718678 0.991952
22.115 6.9291 9.97756 0 -1 0 1 0 -5.50622e-008 5.50622e-008 0 1 0.735754 0.991952
19.7979 12.3398 11.1835 0 0 1 0.999959 0.00905808 0 -0.00905808 0.999959 0 0.67903 0.478146
19.7979 8.56878 11.1835 0 0 1 0.999959 0.00905808 0 -0.00905808 0.999959 0 0.680564 0.393246
21.262 8.56878 11.1835 0 0 1 1 0 0 0 1 0 0.703695 0.393246
21.262 12.3398 11.1835 0 0 1 0.999908 0.0135873 0 -0.0135873 0.999908 0 0.702545 0.47725
16.9623 13.9795 7.46827 0 1 1.73192e-016 1 -4.12367e-022 2.38098e-006 2.38098e-006 1.73192e-016 -1 0.633464 0.525257
16.9623 13.9795 9.97756 0 1 6.68488e-009 1 -1.61147e-014 2.41061e-006 2.41061e-006 6.68489e-009 -1 0.633464 0.494648
16.9623 13.9795 -5.98422 0 1 -1.24693e-009 1 -3.69499e-017 -2.96328e-008 -2.96328e-008 -1.24693e-009 -1 0.633464 0.689354
16.9623 13.9795 -19.6342 0 1 0 1 0 0 0 0 -1 0.633464 0.85586
16.9623 13.9795 -5.98422 0 1 0 1 0 0 0 0 -1 0.633464 0.689354
16.9623 6.9291 -19.6342 0 0 -1 -1 -6.722e-008 0 -6.722e-008 1 0 0.341251 0.182765
16.9623 13.9795 -19.6342 0 0 -1 -1 3.361e-007 0 3.361e-007 1 0 0.341251 0.356035
16.9623 -0.0709024 -19.6342 0 0 -1 -1 2.35269e-007 0 2.35269e-007 1 0 0.341252 0.0107324
16.9623 4.99273 -19.6342 0 0 -1 -1 1.16156e-007 0 1.16156e-007 1 0 0.341251 0.135177
16.9623 -0.0709024 -5.98422 0 -1 0 -1 0 -3.55906e-006 3.55906e-006 0 -1 0.858635 0.927397
16.9623 -0.0709024 -19.6342 0 -1 0 -1 0 1.83135e-006 -1.83135e-006 -0 -1 0.858635 0.977596
16.9623 4.99273 -5.98422 1.66522e-007 -3.15937e-015 1 -1.19602e-014 1 2.63281e-015 -1 -1.19602e-014 1.66522e-007 0.965611 0.689865
16.9623 -0.0709024 -5.98422 2.30201e-007 4.94387e-008 1 1.26453e-015 1 -4.94387e-008 -1 1.26454e-014 2.30201e-007 0.88334 0.689865
16.9623 6.9291 7.46827 0 -1 0 1 0 -7.20269e-008 7.20269e-008 0 1 0.694752 0.978159
16.9623 6.9291 -5.98422 0 -1 0 1 0 -2.96328e-008 2.96328e-008 0 1 0.694752 0.904213
17.5803 -0.079383 9.656 0 -1 0 -1.78882e-006 0 1 -1 -0 -1.78882e-006 0.849591 0.91318
17.5803 -0.079383 7.78983 0 -1 0 -8.9441e-007 0 1 -1 -0 -8.9441e-007 0.832439 0.91318
19.3509 -0.079383 7.78983 0 -1 0 0 0 1 -1 0 0 0.832439 0.892103
19.3509 -0.079383 9.656 0 -1 0 -8.9441e-007 0 1 -1 -0 -8.9441e-007 0.849591 0.892103
17.1615 12.3398 11.1835 0 0 1 1 0 0 0 1 0 0.637377 0.478146
17.1615 8.56878 11.1835 0 0 1 1 0 0 0 1 0 0.638911 0.393246
14.9578 6.9291 9.97756 0 -1 0 1 0 0 0 0 1 0.678801 0.991952
16.9623 6.9291 9.97756 0 -1 0 1 0 -5.89501e-008 5.89501e-008 0 1 0.694752 0.991952
12.0068 6.9291 9.97756 -0.996275 -0.0862292 0 0 0 1 -0.0862292 0.996275 0 0.278264 0.597921
12.0068 6.9291 7.46827 -0.996275 -0.0862292 0 0 0 1 -0.0862292 0.996275 0 0.255201 0.597921
12.6134 -0.079383 7.78983 -0.996275 -0.0862292 0 0 0 1 -0.0862292 0.996275 0 0.258157 0.484051
12.6134 -0.079383 9.656 -0.996275 -0.0862292 0 0 0 1 -0.0862292 0.996275 0 0.275309 0.484051
12.0068 6.9291 7.46827 -8.87833e-008 -0.0458332 -0.998949 1 -2.33607e-011 -8.88757e-008 4.05012e-009 -0.998949 0.0458332 0.296328 0.601847
14.9578 6.9291 7.46827 -8.87833e-008 -0.0458332 -0.998949 1 3.58322e-010 -8.88932e-008 4.43221e-009 -0.998949 0.0458332 0.331457 0.601847
14.3512 -0.079383 7.78983 -8.87833e-008 -0.0458332 -0.998949 1 7.40006e-010 -8.89106e-008 4.81429e-009 -0.998949 0.0458332 0.324236 0.715717
12.6134 -0.079383 7.78983 -8.87833e-008 -0.0458332 -0.998949 1 3.58322e-010 -8.88932e-008 4.43221e-009 -0.998949 0.0458332 0.303549 0.715717
14.9578 6.9291 7.46827 0.996275 -0.0862296 -3.80002e-007 -3.83532e-007 -2.43705e-008 -1 0.0862296 0.996275 -5.73515e-008 0.308939 0.597921
14.9578 6.9291 9.97756 0.996275 -0.0862296 -3.80002e-007 -3.81059e-007 4.19846e-009 -1 0.0862296 0.996275 -2.86757e-008 0.285877 0.597921
14.3512 -0.079383 9.656 0.996275 -0.0862296 -3.80002e-007 -3.78586e-007 3.27674e-008 -1 0.0862296 0.996275 0 0.288832 0.484051
14.3512 -0.079383 7.78983 0.996275 -0.0862296 -3.80002e-007 -3.81059e-007 4.19846e-009 -1 0.0862296 0.996275 -2.86757e-008 0.305984 0.484051
14.9578 6.9291 9.97756 0 -0.0458332 0.998949 1 0 0 0 0.998949 0.0458332 0.604096 0.357889
12.0068 6.9291 9.97756 0 -0.0458332 0.998949 1 0 0 0 0.998949 0.0458332 0.557473 0.357889
12.6134 -0.079383 9.656 0 -0.0458332 0.998949 1 0 0 0 0.998949 0.0458332 0.567057 0.206761
14.3512 -0.079383 9.656 0 -0.0458332 0.998949 1 0 0 0 0.998949 0.0458332 0.594512 0.206761
16.9623 6.9291 9.97756 -0.996134 -0.0878433 7.59907e-007 7.62102e-007 8.55387e-009 1 -0.0878433 0.996134 5.84248e-008 0.339614 0.597921
16.9623 6.9291 7.46827 -0.996134 -0.0878433 7.59907e-007 7.62987e-007 -1.47441e-009 1 -0.0878433 0.996134 6.8492e-008 0.316552 0.597921
17.5803 -0.079383 7.78983 -0.996134 -0.0878433 7.59908e-007 7.63871e-007 -1.15027e-008 1 -0.0878433 0.996134 7.85592e-008 0.319507 0.484051
17.5803 -0.079383 9.656 -0.996134 -0.0878433 7.59908e-007 7.62987e-007 -1.47441e-009 1 -0.0878433 0.996134 6.8492e-008 0.336659 0.484051
16.9623 6.9291 7.46827 -9.80314e-008 -0.0458332 -0.998949 1 -4.22882e-010 -9.81151e-008 4.0745e-009 -0.998949 0.0458332 0.254502 0.601847
19.969 6.9291 7.46827 -9.80314e-008 -0.0458332 -0.998949 1 5.76395e-010 -9.8161e-008 5.07482e-009 -0.998949 0.0458332 0.290293 0.601847
19.3509 -0.079383 7.78983 -9.80314e-008 -0.0458332 -0.998949 1 1.57567e-009 -9.82068e-008 6.07515e-009 -0.998949 0.0458332 0.282936 0.715717
17.5803 -0.079383 7.78983 -9.80314e-008 -0.0458332 -0.998949 1 5.76395e-010 -9.81609e-008 5.07482e-009 -0.998949 0.0458332 0.261859 0.715717
19.969 6.9291 7.46827 0.996134 -0.0878434 0 0 0 -1 0.0878434 0.996134 0 0.360555 0.715717
19.969 6.9291 9.97756 0.996134 -0.0878434 0 0 0 -1 0.0878434 0.996134 0 0.337492 0.715717
19.3509 -0.079383 9.656 0.996134 -0.0878434 0 0 0 -1 0.0878434 0.996134 0 0.340448 0.601847
19.3509 -0.079383 7.78983 0.996134 -0.0878434 0 0 0 -1 0.0878434 0.996134 0 0.357599 0.601847
19.969 6.9291 9.97756 2.61417e-007 -0.0458333 0.998949 1 1.19816e-008 -2.61143e-007 8.88178e-016 0.998949 0.0458333 0.683266 0.357889
16.9623 6.9291 9.97756 2.61417e-007 -0.0458333 0.998949 1 -1.50457e-009 -2.61761e-007 1.35004e-008 0.998949 0.0458333 0.635764 0.357889
17.5803 -0.079383 9.656 2.61417e-007 -0.0458333 0.998949 1 -1.49908e-008 -2.6238e-007 2.70008e-008 0.998949 0.0458333 0.645528 0.206761
19.3509 -0.079383 9.656 2.61417e-007 -0.0458333 0.998949 1 -1.50457e-009 -2.61761e-007 1.35004e-008 0.998949 0.0458333 0.673502 0.206761
7.025 6.9291 13.6326 0 1 0 1 0 0 0 0 -1 0.190987 0.259674
-7.025 6.9291 13.6326 0 1 0 1 0 0 0 0 -1 0.0237364 0.259674
-7.025 -0.0709024 13.6326 -1 6.92528e-010 0 6.92528e-010 1 -8.23978e-008 -5.70628e-017 -8.23978e-008 -1 0.785083 0.0822568
-7.025 4.99273 13.6326 -1 0 0 0 1 1.07736e-007 0 1.07736e-007 -1 0.867354 0.0822568
-7.025 -0.0709024 13.6326 0 -1 0 -1 0 0 -0 -0 -1 0.972891 0.855253
7.025 -0.0709024 13.6326 0.00706773 -0.999975 0 -0.999975 -0.00706773 0 0 0 -1 0.905969 0.855253
7.025 4.99273 13.6326 1 0 0 0 -2.65376e-007 -1 0 1 -2.65376e-007 0.0955486 0.812395
7.025 4.99273 19.4212 1 -4.83654e-010 0 2.05201e-016 4.24272e-007 -1 4.83654e-010 1 4.24272e-007 0.0423462 0.812395
7.025 -0.0709024 19.4212 1 0 0 0 0 -1 0 1 0 0.0423462 0.730124
7.025 -0.0709024 13.6326 1 0 0 0 3.16879e-007 -1 0 1 3.16879e-007 0.0955487 0.730124
34.7683 6.9291 -5.98422 0 1 0 0 0 -1 -1 0 0 0.0167509 0.571108
34.7683 6.9291 -19.6342 0 1 0 0 0 -1 -1 0 0 0.142208 0.571108
34.7683 4.99273 -19.6342 0 0 -1 -1 1.09997e-006 0 1.09997e-006 1 0 0.0206352 0.135177
34.7683 -0.0709024 -19.6342 0 0 -1 -1 3.36741e-007 0 3.36741e-007 1 0 0.0206353 0.0107324
34.7683 -0.0709024 -19.6342 0 -1 0 -1 0 -1.04623e-005 1.04623e-005 0 -1 0.773822 0.977596
34.7683 -0.0709024 -5.98422 0 -1 7.37678e-008 -1 -7.57309e-013 -1.02661e-005 1.02661e-005 -7.37678e-008 -1 0.773822 0.927397
33.2109 3.03321 12.0378 0 0 1 1 0 0 0 1 0 0.555929 0.920326
33.2109 -0.0708965 12.0378 0 0 1 1 0 0 0 1 0 0.555929 0.869892
34.8408 -0.0708965 12.0378 0 0 1 1 0 0 0 1 0 0.575331 0.869892
34.8408 3.03321 12.0378 0 0 1 1 0 0 0 1 0 0.575331 0.920326
7.025 4.99273 20.7735 1 -7.96729e-009 0 0 0 -1 7.96729e-009 1 0 0.0299163 0.812395
7.025 6.9291 19.4212 1 -1.50889e-009 0 9.56272e-016 6.33758e-007 -1 1.50889e-009 1 6.33758e-007 0.0423462 0.843856
7.025 6.9291 20.7735 1 -7.96729e-009 0 0 0 -1 7.96729e-009 1 0 0.0299163 0.843856
7.025 6.9291 20.7735 0 4.30944e-007 1 1 -2.61106e-007 1.12522e-013 2.61106e-007 1 -4.30944e-007 0.176226 0.992829
-7.025 6.9291 20.7735 0 4.30944e-007 1 1 4.83169e-013 -2.13452e-019 -4.83169e-013 1 -4.30944e-007 0.00897628 0.992829
-7.025 6.9291 20.7735 -1 0 0 0 1 -4.06291e-007 -0 -4.06291e-007 -1 0.898815 0.0166244
-7.025 6.9291 19.4212 -1 0 0 0 1 -1.3543e-007 -0 -1.3543e-007 -1 0.898815 0.0290543
-7.025 6.9291 13.6326 -1 -1.81098e-009 0 -1.81098e-009 1 0 0 0 -1 0.898815 0.0822568
-7.025 6.9291 -5.98422 -1 9.97596e-008 0 9.97596e-008 1 5.23856e-007 5.22596e-014 5.23856e-007 -1 0.898815 0.262554
-7.025 6.9291 -19.6342 -1 0 0 0 1 2.14688e-007 0 2.14688e-007 -1 0.898815 0.388011
-7.025 6.9291 -19.6342 0 0 -1 -1 -8.631e-008 0 -8.631e-008 1 0 0.773166 0.182765
7.025 6.9291 -19.6342 0 0 -1 -1 2.03806e-007 0 2.03806e-007 1 0 0.520182 0.182765
33.1795 6.9291 -19.6342 0 0 -1 -1 1.09005e-006 0 1.09005e-006 1 0 0.049244 0.182765
34.7683 6.9291 -19.6342 0 0 -1 -1 2.2897e-006 0 2.2897e-006 1 0 0.0206352 0.182765
34.7683 6.9291 -5.98422 1 1.76798e-006 0 -1.76798e-006 1 4.30944e-007 7.61899e-013 -4.30944e-007 1 0.24242 0.682617
34.7683 6.9291 -19.6342 1 1.76798e-006 0 -1.76798e-006 1 2.15472e-007 3.80949e-013 -2.15472e-007 1 0.24242 0.580422
33.1795 6.9291 -5.98422 0 -4.30944e-007 1 0 1 4.30944e-007 -1 0 0 0.997072 0.496816
34.7683 4.99273 -5.98422 0 -4.30944e-007 1 0 1 4.30944e-007 -1 0 0 0.965611 0.477903
34.7683 6.9291 -5.98422 0 -4.30944e-007 1 0 1 4.30944e-007 -1 0 0 0.997072 0.477903
22.115 6.9291 -5.98422 0 -4.30944e-007 1 0 1 4.30944e-007 -1 0 0 0.997072 0.628528
19.969 6.9291 -5.98422 0 -3.05212e-007 1 0 1 3.05212e-007 -1 0 0 0.997072 0.654073
16.9623 6.9291 -5.98422 0 -1.29283e-007 1 0 1 1.29283e-007 -1 0 0 0.997072 0.689865
14.9578 6.9291 -5.98422 0 0 1 0 1 0 -1 0 0 0.997072 0.713726
12.0068 6.9291 -5.98422 0 0 1 0 1 0 -1 0 0 0.997072 0.748854
10 6.9291 -5.98422 0 -1.28675e-007 1 0 1 1.28675e-007 -1 0 0 0.997072 0.772743
7.025 6.9291 -5.98422 0 -2.15472e-007 1 0 1 2.15472e-007 -1 0 0 0.997072 0.808157
7.025 6.9291 13.6326 1 0 0 0 -1.42582e-007 -1 0 1 -1.42582e-007 0.0955486 0.843856
-7.025 6.9291 10.4966 0 1 0 1 0 0 0 0 -1 0.0237364 0.288498
7.025 6.9291 10.4966 0 1 0 1 0 0 0 0 -1 0.190987 0.288498
-7.025 4.99273 10.4966 -1 9.76047e-015 0 9.76047e-015 1 2.56902e-007 2.50749e-021 2.56902e-007 -1 0.867354 0.11108
-7.025 6.9291 10.4966 -1 1.52403e-007 0 1.52403e-007 1 4.52555e-007 6.89709e-014 4.52555e-007 -1 0.898815 0.11108
-7.025 -0.0709024 10.4966 -1 -5.828e-008 0 -5.828e-008 1 -1.3733e-007 8.00358e-015 -1.3733e-007 -1 0.785083 0.11108
7.025 -0.0709024 10.4966 0.00318989 -0.999995 0 -0.999995 -0.00318989 0 0 0 -1 0.905969 0.866786
-7.025 -0.0709024 10.4966 0 -1 0 -1 0 0 -0 -0 -1 0.972891 0.866786
7.025 4.99273 -5.98422 1 -5.04517e-008 0 0 0 -1 5.04517e-008 1 0 0.275846 0.812395
7.025 4.99273 10.4966 1 -4.79289e-008 0 2.13375e-015 4.4519e-008 -1 4.79289e-008 1 4.4519e-008 0.124372 0.812395
7.025 -0.0709024 10.4966 1 -6.97448e-008 0 0 0 -1 6.97448e-008 1 0 0.124372 0.730124
7.025 -0.0709024 -5.98422 1 -6.97448e-008 0 0 0 -1 6.97448e-008 1 0 0.275846 0.730124
7.025 6.9291 10.4966 1 0 0 0 -7.05675e-007 -1 0 1 -7.05675e-007 0.124372 0.843856
7.025 6.9291 -5.98422 1 0 0 0 1.11298e-007 -1 0 1 1.11298e-007 0.275846 0.843856
6.44462 4.71423 10.4966 1 5.41389e-008 0 0 0 -1 -5.41389e-008 1 0 0.346069 0.848068
6.44462 4.71423 13.6326 1 5.41389e-008 0 0 0 -1 -5.41389e-008 1 0 0.296921 0.848068
6.44462 0.207598 13.6326 1 5.41389e-008 0 0 0 -1 -5.41389e-008 1 0 0.296921 0.744506
6.44462 0.207598 10.4966 1 5.41389e-008 0 0 0 -1 -5.4139e-008 1 0 0.346069 0.744506
8.94938 -0.0709024 19.4212 0 -1 0 -1 0 -2.81183e-006 2.81183e-006 0 -1 0.896802 0.833965
8.94938 -0.0709024 20.7735 0 -1 0 -1 0 2.84975e-011 -2.84975e-011 -0 -1 0.896802 0.828991
10.8738 -0.0709024 19.4212 0 -1 0 -1 0 -1.68576e-005 1.68576e-005 0 -1 0.887636 0.833965
10.8738 -0.0709024 20.7735 0 -1 0 -1 0 -4.21775e-006 4.21775e-006 0 -1 0.887636 0.828991
7.025 -0.0709024 19.4212 0 0 -1 1 0 0 0 -1 0 0.919646 0.243886
7.025 4.99273 19.4212 0 0 -1 1 0 0 0 -1 0 0.919646 0.161614
8.94938 4.99273 19.4212 1.05917e-007 0 -1 1 1.60592e-006 1.05917e-007 1.60592e-006 -1 1.70093e-013 0.942554 0.161614
8.94938 -0.0709024 19.4212 1.65914e-007 0 -1 1 8.02959e-007 1.65914e-007 8.02959e-007 -1 1.33222e-013 0.942554 0.243886
10.8738 3.03321 19.4212 3.71632e-007 0 -1 1 1.60592e-006 3.71631e-007 1.60592e-006 -1 5.96809e-013 0.965461 0.193452
10.8738 -0.0709024 19.4212 3.71632e-007 0 -1 1 0 3.71631e-007 0 -1 0 0.965461 0.243886
7.025 4.99273 19.4212 0 1 0 1 0 0 0 0 -1 0.178039 0.975451
7.025 4.99273 20.7735 0 1 0 1 0 0 0 0 -1 0.178039 0.963021
8.94938 4.99273 20.7735 0.453711 0.891149 0 0.891149 -0.453711 8.30159e-007 7.39795e-007 -3.76653e-007 -1 0.200947 0.963021
8.94938 4.99273 19.4212 0.453711 0.891149 0 0.891149 -0.453711 8.30159e-007 7.39795e-007 -3.76653e-007 -1 0.200947 0.975451
10.8738 3.03321 20.7735 0.713475 0.70068 0 0.70068 -0.713475 0 0 0 -1 0.223854 0.963021
10.8738 3.03321 19.4212 0.713475 0.70068 0 0.70068 -0.713475 1.18064e-006 8.2725e-007 -8.42357e-007 -1 0.223854 0.975451
8.94938 -0.0709024 20.7735 -1.65914e-007 -1.82446e-007 1 1 -2.51664e-006 1.65913e-007 2.51664e-006 1 1.82447e-007 0.199134 0.879096
8.94938 4.99273 20.7735 -1.05917e-007 -1.76064e-007 1 1 -1.26277e-006 1.05916e-007 1.26277e-006 1 1.76064e-007 0.199134 0.961368
10.8738 -0.0709024 20.7735 -3.71632e-007 -2.04332e-007 1 1 -3.76159e-006 3.71631e-007 3.76159e-006 1 2.04333e-007 0.222042 0.879097
10.8738 3.03321 20.7735 -3.71632e-007 -2.04332e-007 1 1 -4.68086e-006 3.71631e-007 4.68086e-006 1 2.04333e-007 0.222042 0.929531
33.1795 4.99273 -5.98422 -1 0 0 0 0 1 0 1 0 0.920343 0.138824
33.1795 -0.0709024 -5.98422 -1 0 0 0 2.34706e-007 1 0 1 -2.34706e-007 0.920343 0.0233524
33.1795 -0.0709013 -4.05984 -1 0 0 0 -1.95588e-007 1 0 1 1.95588e-007 0.945167 0.0233524
33.1795 4.99273 -4.05984 -1 0 0 0 -1.95588e-007 1 0 1 1.95588e-007 0.945167 0.138824
33.1795 -0.0709013 -2.13546 -1 0 0 0 0 1 0 1 0 0.969992 0.0233524
33.1795 3.03321 -2.13546 -1 0 0 0 -5.28088e-007 1 0 1 5.28088e-007 0.969992 0.0941386
34.7683 -0.0709013 -4.05984 0 -1 2.98508e-007 -1 -3.04499e-012 -1.02007e-005 1.02007e-005 -2.98508e-007 -1 0.773822 0.920319
33.1795 -0.0709013 -4.05984 0 -1 2.98508e-007 -1 -3.045e-012 -1.02007e-005 1.02007e-005 -2.98508e-007 -1 0.78139 0.920319
34.7683 -0.0709013 -2.13546 0 -1 0 -1 0 -1.02007e-005 1.02007e-005 0 -1 0.773822 0.913242
33.1795 -0.0709013 -2.13546 0 -1 0 -1 0 -1.02007e-005 1.02007e-005 0 -1 0.78139 0.913242
34.7683 4.99273 -4.05984 1 0 0 0 1 0 0 0 1 0.216792 0.697025
34.7683 -0.0709013 -4.05984 1 0 0 0 1 -9.58624e-008 0 9.58624e-008 1 0.149775 0.697025
34.7683 3.03321 -2.13546 1 0 0 0 1 -1.09327e-007 0 1.09327e-007 1 0.190858 0.711433
34.7683 -0.0709013 -2.13546 1 0 0 0 1 -2.18654e-007 0 2.18654e-007 1 0.149775 0.711433
34.7683 4.99273 -5.98422 0 1 0 1 0 0 0 0 -1 0.587661 0.987836
33.1795 4.99273 -5.98422 0 1 0 1 0 0 0 0 -1 0.568747 0.987836
33.1795 4.99273 -4.05984 0 0.891149 0.453712 1 0 0 0 0.453712 -0.891149 0.568747 0.970149
34.7683 4.99273 -4.05984 0 0.891149 0.453712 1 0 0 0 0.453712 -0.891149 0.587661 0.970149
33.1795 3.03321 -2.13546 0 0.70068 0.713476 1 0 0 0 0.713476 -0.70068 0.568747 0.952462
34.7683 3.03321 -2.13546 0 0.70068 0.713476 1 0 0 0 0.713476 -0.70068 0.587661 0.952462
10.8738 -0.0709024 20.7735 0 0 0 0 0 -1 0 0 0 0.748855 0.875051
10.8738 -0.0709024 19.4212 0 0 0 0 0 0 0 0 0 0.75661 0.875051
10.8738 -0.0709024 19.4212 0 0 0 0 0 1 0 0 0 0.75661 0.875051
10.8738 -0.0709024 20.7735 0 0 0 0 0 0 0 0 0 0.748855 0.875051
10.8738 -0.0709024 19.4212 0 0 0 0 1 0 0 0 0 0.75661 0.875051
10.8738 3.03321 19.4212 0 0 0 0 0 0 0 0 0 0.75661 0.986036
10.8738 3.03321 19.4212 0 0 0 0 -1 0 0 0 0 0.75661 0.986036
10.8738 -0.0709024 19.4212 0 0 0 0 0 0 0 0 0 0.75661 0.875051
10.8738 3.03321 19.4212 0 0 0 0 0 1 0 0 0 0.75661 0.986036
10.8738 3.03321 20.7735 0 0 0 0 0 0 0 0 0 0.748855 0.986036
10.8738 3.03321 20.7735 0 0 0 0 0 -1 0 0 0 0.748855 0.986036
10.8738 3.03321 19.4212 0 0 0 0 0 0 0 0 0 0.75661 0.986036
10.8738 3.03321 20.7735 0 0 0 0 -1 -2.68826e-007 0 0 0 0.748855 0.986036
10.8738 -0.0709024 20.7735 0 0 0 0 0 0 0 0 0 0.748855 0.875051
10.8738 -0.0709024 20.7735 0 0 0 0 1 2.68826e-007 0 0 0 0.748855 0.875051
10.8738 3.03321 20.7735 0 0 0 0 0 0 0 0 0 0.748855 0.986036
33.1795 3.03321 -2.13546 0 0 0 0 -1 2.68826e-007 0 0 0 0.744699 0.875051
33.1795 -0.0709013 -2.13546 0 0 0 0 0 0 0 0 0 0.744699 0.986036
33.1795 -0.0709013 -2.13546 0 0 0 0 1 -2.68826e-007 0 0 0 0.744699 0.986036
33.1795 3.03321 -2.13546 0 0 0 0 0 0 0 0 0 0.744699 0.875051
33.1795 -0.0709013 -2.13546 0 0 0 1 0 0 0 0 0 0.744699 0.986036
34.7683 -0.0709013 -2.13546 0 0 0 0 0 0 0 0 0 0.744699 0.986036
34.7683 -0.0709013 -2.13546 0 0 0 -1 0 0 0 0 0 0.744699 0.986036
33.1795 -0.0709013 -2.13546 0 0 0 0 0 0 0 0 0 0.744699 0.986036
34.7683 -0.0709013 -2.13546 0 0 0 0 1 -2.68826e-007 0 0 0 0.744699 0.986036
34.7683 3.03321 -2.13546 0 0 0 0 0 0 0 0 0 0.744699 0.875051
34.7683 3.03321 -2.13546 0 0 0 0 -1 2.68826e-007 0 0 0 0.744699 0.875051
34.7683 -0.0709013 -2.13546 0 0 0 0 0 0 0 0 0 0.744699 0.986036
34.7683 3.03321 -2.13546 0 0 0 -1 0 0 0 0 0 0.744699 0.875051
33.1795 3.03321 -2.13546 0 0 0 0 0 0 0 0 0 0.744699 0.875051
33.1795 3.03321 -2.13546 0 0 0 1 0 0 0 0 0 0.744699 0.875051
34.7683 3.03321 -2.13546 0 0 0 0 0 0 0 0 0 0.744699 0.875051
10.8738 -0.0709024 20.7735 6.53703e-008 -1 0 0 0 1 -1 -6.53703e-008 0 0.993941 0.985249
10.8738 -0.0709024 19.4212 6.53703e-008 -1 0 0 0 1 -1 -6.53703e-008 0 0.99073 0.985249
33.2129 -0.0709009 19.4212 1.04065e-007 -1 0 0 0 1 -1 -1.04065e-007 0 0.99073 0.916547
33.2129 -0.0709009 20.7735 7.83084e-008 -1 0 0 0 1 -1 -7.83084e-008 0 0.993941 0.916547
10.8738 -0.0709024 19.4212 5.57804e-010 0 -1 1 -9.5807e-008 5.57804e-010 -9.5807e-008 -1 -5.34415e-017 0.227084 0.997253
10.8738 3.03321 19.4212 5.57804e-010 0 -1 1 -0.000637849 5.57804e-010 -0.000637849 -1 -3.55795e-013 0.227084 0.945867
33.2129 3.03321 19.4212 -0.149744 0 -0.988725 0.988724 -0.00129015 -0.149744 -0.0012756 -0.999999 0.000193192 0.493981 0.945391
33.2129 -0.0709009 19.4212 -0.149744 0 -0.988725 0.988725 -0.000645123 -0.149744 -0.000637849 -1 9.66033e-005 0.493007 0.997253
10.8738 3.03321 19.4212 -6.53703e-008 1 0 0.999998 6.53702e-008 -0.00207995 -0.00207995 -1.35967e-010 -0.999998 0.227084 0.945867
10.8738 3.03321 20.7735 -6.53703e-008 1 0 0.999999 6.53702e-008 -0.00139454 -0.00139454 -9.11615e-011 -0.999999 0.227084 0.932009
33.2129 3.03321 20.7735 -7.83083e-008 1 0 0.999979 7.83067e-008 -0.00653618 -0.00653618 -5.11838e-010 -0.999979 0.494306 0.93185
33.2129 3.03321 19.4212 -1.04065e-007 1 0 0.999872 1.04052e-007 -0.0159922 -0.0159922 -1.66423e-009 -0.999872 0.493981 0.945391
10.8738 3.03321 20.7735 -1.30803e-008 -2.68826e-007 1 1 0.000432973 1.31967e-008 -0.000432973 1 2.6882e-007 0.227084 0.932009
10.8738 -0.0709024 20.7735 -1.30803e-008 -2.68826e-007 1 1 0.000216521 1.31385e-008 -0.000216521 1 2.68823e-007 0.227084 0.881099
33.2129 -0.0709009 20.7735 -1.56691e-008 -2.68826e-007 1 0.999998 -0.00197339 1.51386e-008 0.00197339 0.999998 2.68856e-007 0.494306 0.881099
33.2129 3.03321 20.7735 -1.56691e-008 -2.68826e-007 1 0.999998 -0.0018299 1.51772e-008 0.0018299 0.999998 2.68854e-007 0.494306 0.93185
33.1795 3.03321 -2.13546 -0.999998 -1.06216e-006 0.00221703 -1.06275e-006 1 -2.6647e-007 -0.00221703 -2.68825e-007 -0.999998 0.285338 0.470343
33.1795 -0.0709013 -2.13546 -0.999998 -1.06216e-006 0.00221703 -1.06245e-006 1 -1.32057e-007 -0.00221703 -1.34413e-007 -0.999998 0.247006 0.470343
33.2109 -0.0708965 12.0378 -0.999998 -1.06216e-006 0.00221703 -1.06215e-006 1 2.35483e-009 -0.00221703 0 -0.999998 0.247006 0.371334
33.2109 3.03321 12.0378 -0.999998 -1.06216e-006 0.00221703 -1.06245e-006 1 -1.32057e-007 -0.00221703 -1.34413e-007 -0.999998 0.285338 0.371334
33.1795 -0.0709013 -2.13546 0 -1 3.24605e-007 1 0 0 0 3.24605e-007 1 0.912922 0.259115
34.7683 -0.0709013 -2.13546 0 -1 3.24605e-007 1 0 0 0 3.24605e-007 1 0.941737 0.259115
34.8408 -0.0708965 12.0378 0 -1 3.24605e-007 1 0 0 0 3.24605e-007 1 0.943051 0.457578
33.2109 -0.0708965 12.0378 0 -1 3.24605e-007 1 0 0 0 3.24605e-007 1 0.913492 0.457578
34.7683 -0.0709013 -2.13546 0.999987 1.06214e-006 -0.00511485 -1.06351e-006 1 -2.63386e-007 0.00511485 2.68822e-007 0.999987 0.290721 0.371334
34.7683 3.03321 -2.13546 0.999987 1.06214e-006 -0.00511485 -1.06282e-006 1 -1.28977e-007 0.00511485 1.34411e-007 0.999987 0.329053 0.371334
34.8408 3.03321 12.0378 0.999987 1.06214e-006 -0.00511485 -1.06213e-006 1 5.4327e-009 0.00511485 0 0.999987 0.329053 0.470343
34.8408 -0.0708965 12.0378 0.999987 1.06214e-006 -0.00511485 -1.06282e-006 1 -1.28977e-007 0.00511485 1.34411e-007 0.999987 0.290721 0.470343
34.7683 3.03321 -2.13546 0 1 -3.54489e-007 1 0 0 0 -3.54489e-007 -1 0.9879 0.456878
33.1795 3.03321 -2.13546 0 1 -3.54489e-007 1 0 0 0 -3.54489e-007 -1 0.959085 0.456878
33.2109 3.03321 12.0378 0 1 -3.54489e-007 1 0 0 0 -3.54489e-007 -1 0.959655 0.258416
34.8408 3.03321 12.0378 0 1 -3.54489e-007 1 0 0 0 -3.54489e-007 -1 0.989215 0.258416
33.2129 -0.0709009 16.0379 1.34904e-007 0 -1 1 2.54843e-007 1.34904e-007 2.54843e-007 -1 3.43792e-014 0.530404 0.920326
33.2129 3.03321 16.0379 1.34904e-007 0 -1 1 2.06374e-007 1.34904e-007 2.06374e-007 -1 2.78406e-014 0.530404 0.869892
34.8501 3.03321 16.0379 1.34904e-007 0 -1 1 1.57906e-007 1.34904e-007 1.57906e-007 -1 2.13021e-014 0.549893 0.869892
34.8501 -0.0709005 16.0379 1.34904e-007 0 -1 1 2.06374e-007 1.34904e-007 2.06374e-007 -1 2.78406e-014 0.549893 0.920326
34.8501 -0.0709005 19.4212 2.54842e-007 -1 0 0 0 1 -1 -2.54842e-007 0 0.99073 0.911512
34.8501 -0.0709005 20.7735 2.54842e-007 -1 0 0 0 1 -1 -2.54842e-007 0 0.993941 0.911512
34.8501 -0.0709005 20.7735 -5.09927e-008 -2.68826e-007 1 1 2.50288e-006 5.09934e-008 -2.50288e-006 1 2.68826e-007 0.513795 0.881099
34.8501 3.03321 20.7735 -5.09927e-008 -2.68826e-007 1 0.999996 -0.00296012 5.01967e-008 0.00296012 0.999996 2.68975e-007 0.513795 0.932009
34.8501 3.03321 20.7735 -2.54842e-007 1 0 0.999949 2.54829e-007 0.0101474 0.0101474 2.58599e-009 -0.999949 0.513795 0.932009
34.8501 3.03321 19.4212 -2.54842e-007 1 0 0.999919 2.54822e-007 -0.0127584 -0.0127584 -3.25139e-009 -0.999919 0.513795 0.944915
33.2129 -0.0709009 19.4212 -0.149744 0 -0.988725 -0.988725 0 0.149744 0 1 0 0.628625 0.937567
33.2129 3.03321 19.4212 -0.149744 0 -0.988725 -0.988725 0 0.149744 0 1 0 0.628625 0.988001
33.2129 3.03321 16.0379 -1 0 0 0 0 1 0 1 0 0.597529 0.988001
33.2129 -0.0709009 16.0379 -1 0 0 0 0 1 0 1 0 0.597529 0.937567
34.8501 3.03321 16.0379 -2.54842e-007 1 0 1 2.54842e-007 0 0 0 -1 0.541466 0.97601
33.2129 3.03321 16.0379 -2.54842e-007 1 0 0.999871 2.54809e-007 -0.0160664 -0.0160664 -4.09439e-009 -0.999871 0.521977 0.97601
34.8501 -0.0709005 16.0379 1 0 0 0 0 -1 0 1 0 0.624892 0.869892
34.8501 3.03321 16.0379 1 0 0 0 0 -1 0 1 0 0.624892 0.920326
33.2129 -0.0709009 16.0379 2.54842e-007 -1 0 0 0 1 -1 -2.54842e-007 0 0.982696 0.916547
34.8501 -0.0709005 16.0379 2.54842e-007 -1 0 0 0 1 -1 -2.54842e-007 0 0.982696 0.911512
7.025 4.99273 10.4966 0.432622 -0.901575 0 -2.25452e-006 -1.08184e-006 -1 0.901575 0.432622 -2.50065e-006 0.346069 0.857854
7.025 4.99273 13.6326 0.432622 -0.901575 0 -1.12726e-006 -5.40919e-007 -1 0.901575 0.432622 -1.25033e-006 0.296609 0.857853
6.44462 4.71423 13.6326 0.432622 -0.901575 0 0 0 -1 0.901575 0.432622 0 0.296921 0.848068
6.44462 4.71423 10.4966 0.432622 -0.901575 0 -1.12726e-006 -5.40919e-007 -1 0.901575 0.432622 -1.25033e-006 0.346069 0.848068
7.025 4.99273 13.6326 -9.85907e-007 0 -1 -0.901575 -0.432622 8.8887e-007 -0.432622 0.901575 4.26526e-007 0.291948 0.848068
7.025 -0.0709024 13.6326 -9.85907e-007 0 -1 -0.911543 -0.411205 8.98697e-007 -0.411205 0.911543 4.0541e-007 0.291948 0.732465
6.44462 0.207598 13.6326 -9.85907e-007 0 -1 -0.921002 -0.389557 9.08023e-007 -0.389557 0.921002 3.84067e-007 0.296921 0.744506
6.44462 4.71423 13.6326 -9.85907e-007 0 -1 -0.911543 -0.411205 8.98697e-007 -0.411205 0.911543 4.0541e-007 0.296921 0.848068
7.025 -0.0709024 13.6326 0.00706773 -0.999975 0 9.12961e-007 6.45271e-009 -1 -0.999975 -0.00706773 -9.12984e-007 0.291948 0.732465
7.025 -0.0709024 10.4966 0.00318989 -0.999995 0 4.57351e-007 1.45888e-009 -1 -0.999995 -0.00318989 -4.57354e-007 0.346069 0.732465
6.44462 0.207598 10.4966 0.432624 0.901575 0 0 0 -1 -0.901575 0.432624 0 0.346069 0.744506
6.44462 0.207598 13.6326 0.432624 0.901575 0 4.58057e-007 -2.198e-007 -1 0.901575 -0.432624 5.08063e-007 0.296921 0.744506
7.025 -0.0709024 10.4966 -9.85907e-008 2.6158e-007 1 0.901575 -0.432623 2.02053e-007 0.432623 0.901575 -1.93181e-007 0.353818 0.744506
7.025 4.99273 10.4966 -9.85907e-008 2.6158e-007 1 1 -6.28061e-007 9.85909e-008 6.28061e-007 1 -2.6158e-007 0.353818 0.848068
6.44462 4.71423 10.4966 -9.85907e-008 2.6158e-007 1 0.901575 0.432622 -2.42785e-008 -0.432622 0.901575 -2.78487e-007 0.346069 0.848068
6.44462 0.207598 10.4966 -9.85907e-008 2.6158e-007 1 1 -6.28061e-007 9.85909e-008 6.28061e-007 1 -2.6158e-007 0.346069 0.744506
10 6.9291 9.97756 0 -0.592479 0.805586 1 0 0 0 0.805586 0.592479 0.525768 0.357889
12.0068 6.9291 9.97756 0 -0.592479 0.805586 1 0 0 0 0.805586 0.592479 0.557473 0.357889
12.1945 8.56878 11.1835 0 -0.592479 0.805586 1 0 0 0 0.805586 0.592479 0.560438 0.393246
10.7977 8.56878 11.1835 0 -0.592479 0.805586 1 0 0 0 0.805586 0.592479 0.53837 0.393246
